Negative,Positive,All,negative_perc,positive_perc
55,115,170,32.35294117647059,67.64705882352942
17,24,41,41.46341463414634,58.536585365853654
49,207,256,19.140625,80.859375
56,120,176,31.818181818181817,68.18181818181817
74,98,172,43.02325581395349,56.97674418604651
52,107,159,32.70440251572327,67.29559748427673
62,69,131,47.32824427480916,52.67175572519084
1,42,43,2.3255813953488373,97.67441860465115
46,163,209,22.00956937799043,77.99043062200957
46,117,163,28.22085889570552,71.77914110429448
42,225,267,15.730337078651685,84.26966292134831
9,35,44,20.454545454545457,79.54545454545455
33,125,158,20.88607594936709,79.11392405063292
47,145,192,24.479166666666664,75.52083333333334
59,176,235,25.106382978723403,74.8936170212766
5,28,33,15.151515151515152,84.84848484848484
33,164,197,16.751269035532996,83.24873096446701
26,131,157,16.560509554140125,83.43949044585987
40,87,127,31.496062992125985,68.50393700787401
16,80,96,16.666666666666664,83.33333333333334
36,161,197,18.274111675126903,81.7258883248731
19,185,204,9.313725490196079,90.68627450980392
81,141,222,36.486486486486484,63.51351351351351
71,85,156,45.51282051282051,54.48717948717948
54,180,234,23.076923076923077,76.92307692307693
13,55,68,19.11764705882353,80.88235294117648
27,72,99,27.27272727272727,72.72727272727273
5,18,23,21.73913043478261,78.26086956521739
67,102,169,39.64497041420118,60.35502958579882
24,61,85,28.235294117647058,71.76470588235294
7,40,47,14.893617021276595,85.1063829787234
4,28,32,12.5,87.5
7,19,26,26.923076923076923,73.07692307692307
3,33,36,8.333333333333332,91.66666666666666
60,194,254,23.62204724409449,76.37795275590551
27,157,184,14.673913043478262,85.32608695652173
5,12,17,29.411764705882355,70.58823529411765
10,22,32,31.25,68.75
7,28,35,20.0,80.0
10,32,42,23.809523809523807,76.19047619047619
12,25,37,32.432432432432435,67.56756756756756
7,78,85,8.235294117647058,91.76470588235294
43,142,185,23.243243243243246,76.75675675675676
10,42,52,19.230769230769234,80.76923076923077
88,90,178,49.43820224719101,50.56179775280899
20,45,65,30.76923076923077,69.23076923076923
18,59,77,23.376623376623375,76.62337662337663
5,26,31,16.129032258064516,83.87096774193549
19,20,39,48.717948717948715,51.28205128205128
7,36,43,16.27906976744186,83.72093023255815
47,56,103,45.63106796116505,54.36893203883495
5,26,31,16.129032258064516,83.87096774193549
38,49,87,43.67816091954023,56.32183908045977
6,30,36,16.666666666666664,83.33333333333334
13,138,151,8.609271523178808,91.3907284768212
37,85,122,30.327868852459016,69.67213114754098
64,69,133,48.1203007518797,51.8796992481203
25,68,93,26.881720430107524,73.11827956989248
6,14,20,30.0,70.0
15,10,25,60.0,40.0
1,29,30,3.3333333333333335,96.66666666666667
9,31,40,22.5,77.5
38,75,113,33.6283185840708,66.3716814159292
23,18,41,56.09756097560976,43.90243902439025
42,171,213,19.718309859154928,80.28169014084507
47,104,151,31.125827814569533,68.87417218543047
22,124,146,15.068493150684931,84.93150684931507
2,45,47,4.25531914893617,95.74468085106383
3,4,7,42.857142857142854,57.14285714285714
2,23,25,8.0,92.0
13,29,42,30.952380952380953,69.04761904761905
5,31,36,13.88888888888889,86.11111111111111
10,13,23,43.47826086956522,56.52173913043478
11,28,39,28.205128205128204,71.7948717948718
13,33,46,28.26086956521739,71.73913043478261
12,13,25,48.0,52.0
31,239,270,11.481481481481481,88.51851851851852
38,124,162,23.456790123456788,76.5432098765432
9,31,40,22.5,77.5
33,171,204,16.176470588235293,83.82352941176471
1,12,13,7.6923076923076925,92.3076923076923
4,14,18,22.22222222222222,77.77777777777779
9,33,42,21.428571428571427,78.57142857142857
16,82,98,16.3265306122449,83.6734693877551
72,63,135,53.333333333333336,46.666666666666664
4,13,17,23.52941176470588,76.47058823529412
5,12,17,29.411764705882355,70.58823529411765
16,54,70,22.857142857142858,77.14285714285715
5,23,28,17.857142857142858,82.14285714285714
56,117,173,32.369942196531795,67.63005780346822
12,56,68,17.647058823529413,82.35294117647058
2,42,44,4.545454545454546,95.45454545454545
14,23,37,37.83783783783784,62.16216216216216
0,12,12,0.0,100.0
11,45,56,19.642857142857142,80.35714285714286
5,45,50,10.0,90.0
2,44,46,4.3478260869565215,95.65217391304348
68,72,140,48.57142857142857,51.42857142857142
5,34,39,12.82051282051282,87.17948717948718
30,39,69,43.47826086956522,56.52173913043478
24,103,127,18.89763779527559,81.10236220472441
8,29,37,21.62162162162162,78.37837837837837
10,19,29,34.48275862068966,65.51724137931035
18,32,50,36.0,64.0
5,20,25,20.0,80.0
48,118,166,28.915662650602407,71.08433734939759
20,38,58,34.48275862068966,65.51724137931035
10,10,20,50.0,50.0
2,10,12,16.666666666666664,83.33333333333334
2,41,43,4.651162790697675,95.34883720930233
15,19,34,44.11764705882353,55.88235294117647
6,17,23,26.08695652173913,73.91304347826086
10,11,21,47.61904761904761,52.38095238095239
61,94,155,39.35483870967742,60.64516129032258
54,100,154,35.064935064935064,64.93506493506493
33,134,167,19.760479041916167,80.23952095808383
26,41,67,38.80597014925373,61.19402985074627
27,104,131,20.610687022900763,79.38931297709924
34,176,210,16.19047619047619,83.80952380952381
12,111,123,9.75609756097561,90.2439024390244
27,86,113,23.893805309734514,76.10619469026548
9,28,37,24.324324324324326,75.67567567567568
10,23,33,30.303030303030305,69.6969696969697
3,54,57,5.263157894736842,94.73684210526315
6,45,51,11.76470588235294,88.23529411764706
21,13,34,61.76470588235294,38.23529411764706
58,172,230,25.217391304347824,74.78260869565217
6,43,49,12.244897959183673,87.75510204081633
15,23,38,39.473684210526315,60.526315789473685
3,13,16,18.75,81.25
24,38,62,38.70967741935484,61.29032258064516
11,19,30,36.666666666666664,63.33333333333333
3,7,10,30.0,70.0
23,117,140,16.428571428571427,83.57142857142857
6,8,14,42.857142857142854,57.14285714285714
2,15,17,11.76470588235294,88.23529411764706
5,16,21,23.809523809523807,76.19047619047619
8,27,35,22.857142857142858,77.14285714285715
11,19,30,36.666666666666664,63.33333333333333
6,16,22,27.27272727272727,72.72727272727273
14,79,93,15.053763440860216,84.94623655913979
15,38,53,28.30188679245283,71.69811320754717
17,63,80,21.25,78.75
38,126,164,23.170731707317074,76.82926829268293
5,9,14,35.714285714285715,64.28571428571429
2,8,10,20.0,80.0
0,11,11,0.0,100.0
46,99,145,31.724137931034484,68.27586206896552
40,86,126,31.746031746031743,68.25396825396825
8,11,19,42.10526315789473,57.89473684210527
1,25,26,3.8461538461538463,96.15384615384616
1,11,12,8.333333333333332,91.66666666666666
4,10,14,28.57142857142857,71.42857142857143
34,104,138,24.637681159420293,75.36231884057972
3,5,8,37.5,62.5
7,52,59,11.864406779661017,88.13559322033898
67,165,232,28.879310344827587,71.12068965517241
39,81,120,32.5,67.5
5,17,22,22.727272727272727,77.27272727272727
45,63,108,41.66666666666667,58.333333333333336
39,157,196,19.897959183673468,80.10204081632652
5,8,13,38.46153846153847,61.53846153846154
10,15,25,40.0,60.0
36,117,153,23.52941176470588,76.47058823529412
50,45,95,52.63157894736842,47.368421052631575
5,31,36,13.88888888888889,86.11111111111111
6,20,26,23.076923076923077,76.92307692307693
9,25,34,26.47058823529412,73.52941176470588
8,15,23,34.78260869565217,65.21739130434783
5,12,17,29.411764705882355,70.58823529411765
6,8,14,42.857142857142854,57.14285714285714
17,69,86,19.767441860465116,80.23255813953489
7,65,72,9.722222222222223,90.27777777777779
4,22,26,15.384615384615385,84.61538461538461
31,87,118,26.27118644067797,73.72881355932203
12,67,79,15.18987341772152,84.81012658227847
44,105,149,29.53020134228188,70.46979865771812
6,11,17,35.294117647058826,64.70588235294117
3,8,11,27.27272727272727,72.72727272727273
10,48,58,17.24137931034483,82.75862068965517
5,13,18,27.77777777777778,72.22222222222221
74,66,140,52.85714285714286,47.14285714285714
17,60,77,22.07792207792208,77.92207792207793
0,9,9,0.0,100.0
7,31,38,18.421052631578945,81.57894736842105
78,76,154,50.649350649350644,49.35064935064935
6,4,10,60.0,40.0
3,30,33,9.090909090909092,90.9090909090909
24,49,73,32.87671232876712,67.12328767123287
47,85,132,35.60606060606061,64.39393939393939
79,93,172,45.93023255813954,54.06976744186046
26,57,83,31.32530120481928,68.67469879518072
5,22,27,18.51851851851852,81.48148148148148
7,47,54,12.962962962962962,87.03703703703704
31,66,97,31.958762886597935,68.04123711340206
9,17,26,34.61538461538461,65.38461538461539
38,94,132,28.78787878787879,71.21212121212122
50,55,105,47.61904761904761,52.38095238095239
10,8,18,55.55555555555556,44.44444444444444
10,25,35,28.57142857142857,71.42857142857143
9,21,30,30.0,70.0
26,92,118,22.033898305084744,77.96610169491525
32,155,187,17.11229946524064,82.88770053475936
36,121,157,22.929936305732486,77.07006369426752
21,25,46,45.65217391304348,54.347826086956516
6,15,21,28.57142857142857,71.42857142857143
10,22,32,31.25,68.75
4,23,27,14.814814814814813,85.18518518518519
4,13,17,23.52941176470588,76.47058823529412
6,10,16,37.5,62.5
64,75,139,46.043165467625904,53.956834532374096
124,284,408,30.392156862745097,69.6078431372549
17,81,98,17.346938775510203,82.6530612244898
7,46,53,13.20754716981132,86.79245283018868
15,9,24,62.5,37.5
3,22,25,12.0,88.0
11,18,29,37.93103448275862,62.06896551724138
14,17,31,45.16129032258064,54.83870967741935
40,71,111,36.03603603603604,63.96396396396396
82,98,180,45.55555555555556,54.44444444444444
6,14,20,30.0,70.0
3,12,15,20.0,80.0
39,87,126,30.952380952380953,69.04761904761905
2,30,32,6.25,93.75
8,30,38,21.052631578947366,78.94736842105263
24,147,171,14.035087719298245,85.96491228070175
11,81,92,11.956521739130435,88.04347826086956
7,10,17,41.17647058823529,58.82352941176471
41,97,138,29.71014492753623,70.28985507246377
10,19,29,34.48275862068966,65.51724137931035
1,25,26,3.8461538461538463,96.15384615384616
17,58,75,22.666666666666664,77.33333333333333
69,32,101,68.31683168316832,31.683168316831683
53,147,200,26.5,73.5
4,11,15,26.666666666666668,73.33333333333333
10,18,28,35.714285714285715,64.28571428571429
5,20,25,20.0,80.0
58,55,113,51.32743362831859,48.67256637168141
5,36,41,12.195121951219512,87.8048780487805
28,81,109,25.688073394495415,74.31192660550458
28,93,121,23.140495867768596,76.85950413223141
30,222,252,11.904761904761903,88.09523809523809
2,19,21,9.523809523809524,90.47619047619048
4,13,17,23.52941176470588,76.47058823529412
40,68,108,37.03703703703704,62.96296296296296
13,27,40,32.5,67.5
7,51,58,12.068965517241379,87.93103448275862
20,70,90,22.22222222222222,77.77777777777779
6,10,16,37.5,62.5
10,15,25,40.0,60.0
6,8,14,42.857142857142854,57.14285714285714
72,114,186,38.70967741935484,61.29032258064516
5,3,8,62.5,37.5
74,144,218,33.94495412844037,66.05504587155964
30,96,126,23.809523809523807,76.19047619047619
6,28,34,17.647058823529413,82.35294117647058
5,9,14,35.714285714285715,64.28571428571429
12,9,21,57.14285714285714,42.857142857142854
41,41,82,50.0,50.0
61,88,149,40.939597315436245,59.06040268456376
11,26,37,29.72972972972973,70.27027027027027
5,14,19,26.31578947368421,73.68421052631578
13,45,58,22.413793103448278,77.58620689655173
9,29,38,23.684210526315788,76.31578947368422
45,64,109,41.284403669724774,58.71559633027523
28,60,88,31.818181818181817,68.18181818181817
16,20,36,44.44444444444444,55.55555555555556
58,186,244,23.770491803278688,76.22950819672131
7,25,32,21.875,78.125
58,52,110,52.72727272727272,47.27272727272727
19,19,38,50.0,50.0
5,13,18,27.77777777777778,72.22222222222221
26,51,77,33.76623376623377,66.23376623376623
5,42,47,10.638297872340425,89.36170212765957
1,17,18,5.555555555555555,94.44444444444444
7,22,29,24.137931034482758,75.86206896551724
6,19,25,24.0,76.0
88,57,145,60.689655172413794,39.310344827586206
11,6,17,64.70588235294117,35.294117647058826
26,52,78,33.33333333333333,66.66666666666666
14,23,37,37.83783783783784,62.16216216216216
6,27,33,18.181818181818183,81.81818181818183
8,11,19,42.10526315789473,57.89473684210527
16,55,71,22.535211267605636,77.46478873239437
11,18,29,37.93103448275862,62.06896551724138
11,2,13,84.61538461538461,15.384615384615385
21,28,49,42.857142857142854,57.14285714285714
3,14,17,17.647058823529413,82.35294117647058
12,10,22,54.54545454545454,45.45454545454545
27,68,95,28.421052631578945,71.57894736842105
4,9,13,30.76923076923077,69.23076923076923
57,80,137,41.605839416058394,58.3941605839416
51,90,141,36.17021276595745,63.829787234042556
2,7,9,22.22222222222222,77.77777777777779
4,21,25,16.0,84.0
12,15,27,44.44444444444444,55.55555555555556
38,62,100,38.0,62.0
8,7,15,53.333333333333336,46.666666666666664
3,11,14,21.428571428571427,78.57142857142857
7,32,39,17.94871794871795,82.05128205128204
40,41,81,49.382716049382715,50.617283950617285
4,9,13,30.76923076923077,69.23076923076923
20,49,69,28.985507246376812,71.01449275362319
7,15,22,31.818181818181817,68.18181818181817
5,48,53,9.433962264150944,90.56603773584906
57,63,120,47.5,52.5
22,125,147,14.965986394557824,85.03401360544217
12,15,27,44.44444444444444,55.55555555555556
10,33,43,23.25581395348837,76.74418604651163
3,15,18,16.666666666666664,83.33333333333334
1,4,5,20.0,80.0
32,64,96,33.33333333333333,66.66666666666666
39,159,198,19.696969696969695,80.3030303030303
2,23,25,8.0,92.0
32,27,59,54.23728813559322,45.76271186440678
3,8,11,27.27272727272727,72.72727272727273
9,13,22,40.909090909090914,59.09090909090909
5,14,19,26.31578947368421,73.68421052631578
11,39,50,22.0,78.0
37,57,94,39.361702127659576,60.63829787234043
26,86,112,23.214285714285715,76.78571428571429
10,20,30,33.33333333333333,66.66666666666666
19,38,57,33.33333333333333,66.66666666666666
22,99,121,18.181818181818183,81.81818181818183
9,30,39,23.076923076923077,76.92307692307693
26,137,163,15.950920245398773,84.04907975460122
0,12,12,0.0,100.0
20,34,54,37.03703703703704,62.96296296296296
5,21,26,19.230769230769234,80.76923076923077
21,36,57,36.84210526315789,63.1578947368421
8,13,21,38.095238095238095,61.904761904761905
12,48,60,20.0,80.0
7,17,24,29.166666666666668,70.83333333333334
19,68,87,21.839080459770116,78.16091954022988
8,19,27,29.629629629629626,70.37037037037037
11,13,24,45.83333333333333,54.166666666666664
5,39,44,11.363636363636363,88.63636363636364
50,70,120,41.66666666666667,58.333333333333336
43,91,134,32.08955223880597,67.91044776119402
4,6,10,40.0,60.0
13,10,23,56.52173913043478,43.47826086956522
50,52,102,49.01960784313725,50.98039215686274
6,19,25,24.0,76.0
10,38,48,20.833333333333336,79.16666666666666
1,13,14,7.142857142857142,92.85714285714286
3,6,9,33.33333333333333,66.66666666666666
38,88,126,30.158730158730158,69.84126984126983
18,6,24,75.0,25.0
2,22,24,8.333333333333332,91.66666666666666
13,51,64,20.3125,79.6875
40,84,124,32.25806451612903,67.74193548387096
20,34,54,37.03703703703704,62.96296296296296
2,18,20,10.0,90.0
7,21,28,25.0,75.0
9,19,28,32.142857142857146,67.85714285714286
26,30,56,46.42857142857143,53.57142857142857
21,98,119,17.647058823529413,82.35294117647058
2,13,15,13.333333333333334,86.66666666666667
32,107,139,23.021582733812952,76.97841726618705
8,4,12,66.66666666666666,33.33333333333333
18,5,23,78.26086956521739,21.73913043478261
2,27,29,6.896551724137931,93.10344827586206
18,70,88,20.454545454545457,79.54545454545455
2,14,16,12.5,87.5
28,121,149,18.79194630872483,81.20805369127517
2,33,35,5.714285714285714,94.28571428571428
101,96,197,51.26903553299492,48.73096446700508
9,10,19,47.368421052631575,52.63157894736842
2,16,18,11.11111111111111,88.88888888888889
45,118,163,27.607361963190186,72.39263803680981
6,17,23,26.08695652173913,73.91304347826086
3,28,31,9.67741935483871,90.32258064516128
11,11,22,50.0,50.0
16,22,38,42.10526315789473,57.89473684210527
2,7,9,22.22222222222222,77.77777777777779
7,21,28,25.0,75.0
6,15,21,28.57142857142857,71.42857142857143
14,22,36,38.88888888888889,61.111111111111114
8,15,23,34.78260869565217,65.21739130434783
6,55,61,9.836065573770492,90.1639344262295
0,17,17,0.0,100.0
2,21,23,8.695652173913043,91.30434782608695
47,66,113,41.5929203539823,58.4070796460177
5,13,18,27.77777777777778,72.22222222222221
8,12,20,40.0,60.0
20,44,64,31.25,68.75
1,19,20,5.0,95.0
9,32,41,21.951219512195124,78.04878048780488
63,81,144,43.75,56.25
2,10,12,16.666666666666664,83.33333333333334
57,64,121,47.107438016528924,52.892561983471076
13,17,30,43.333333333333336,56.666666666666664
6,19,25,24.0,76.0
21,21,42,50.0,50.0
2,44,46,4.3478260869565215,95.65217391304348
6,6,12,50.0,50.0
9,4,13,69.23076923076923,30.76923076923077
3,30,33,9.090909090909092,90.9090909090909
6,23,29,20.689655172413794,79.3103448275862
10,26,36,27.77777777777778,72.22222222222221
31,67,98,31.63265306122449,68.36734693877551
2,22,24,8.333333333333332,91.66666666666666
45,29,74,60.810810810810814,39.189189189189186
23,52,75,30.666666666666664,69.33333333333334
5,11,16,31.25,68.75
40,35,75,53.333333333333336,46.666666666666664
1,18,19,5.263157894736842,94.73684210526315
6,11,17,35.294117647058826,64.70588235294117
14,60,74,18.91891891891892,81.08108108108108
12,21,33,36.36363636363637,63.63636363636363
3,7,10,30.0,70.0
10,31,41,24.390243902439025,75.60975609756098
29,11,40,72.5,27.500000000000004
4,30,34,11.76470588235294,88.23529411764706
5,11,16,31.25,68.75
39,38,77,50.649350649350644,49.35064935064935
3,18,21,14.285714285714285,85.71428571428571
38,50,88,43.18181818181818,56.81818181818182
44,42,86,51.162790697674424,48.837209302325576
16,44,60,26.666666666666668,73.33333333333333
3,12,15,20.0,80.0
40,108,148,27.027027027027028,72.97297297297297
39,85,124,31.451612903225808,68.54838709677419
36,38,74,48.64864864864865,51.35135135135135
9,4,13,69.23076923076923,30.76923076923077
2,7,9,22.22222222222222,77.77777777777779
55,81,136,40.44117647058824,59.55882352941176
6,21,27,22.22222222222222,77.77777777777779
28,31,59,47.45762711864407,52.54237288135594
33,40,73,45.20547945205479,54.794520547945204
64,59,123,52.03252032520326,47.96747967479675
3,11,14,21.428571428571427,78.57142857142857
45,71,116,38.793103448275865,61.206896551724135
2,15,17,11.76470588235294,88.23529411764706
40,101,141,28.368794326241137,71.63120567375887
68,48,116,58.620689655172406,41.37931034482759
11,38,49,22.448979591836736,77.55102040816327
4,14,18,22.22222222222222,77.77777777777779
5,3,8,62.5,37.5
1,9,10,10.0,90.0
69,54,123,56.09756097560976,43.90243902439025
39,58,97,40.20618556701031,59.79381443298969
12,23,35,34.285714285714285,65.71428571428571
80,75,155,51.61290322580645,48.38709677419355
31,92,123,25.203252032520325,74.79674796747967
13,24,37,35.13513513513514,64.86486486486487
44,63,107,41.1214953271028,58.87850467289719
4,9,13,30.76923076923077,69.23076923076923
115,82,197,58.37563451776649,41.62436548223351
12,55,67,17.91044776119403,82.08955223880598
40,83,123,32.52032520325203,67.47967479674797
72,67,139,51.798561151079134,48.201438848920866
6,8,14,42.857142857142854,57.14285714285714
15,6,21,71.42857142857143,28.57142857142857
15,24,39,38.46153846153847,61.53846153846154
20,19,39,51.28205128205128,48.717948717948715
13,16,29,44.827586206896555,55.172413793103445
79,69,148,53.37837837837838,46.62162162162162
8,17,25,32.0,68.0
5,19,24,20.833333333333336,79.16666666666666
32,90,122,26.229508196721312,73.77049180327869
33,149,182,18.13186813186813,81.86813186813187
4,36,40,10.0,90.0
55,123,178,30.89887640449438,69.10112359550563
4,7,11,36.36363636363637,63.63636363636363
3,19,22,13.636363636363635,86.36363636363636
6,10,16,37.5,62.5
19,82,101,18.81188118811881,81.1881188118812
10,12,22,45.45454545454545,54.54545454545454
66,96,162,40.74074074074074,59.25925925925925
52,83,135,38.51851851851852,61.48148148148148
64,45,109,58.71559633027523,41.284403669724774
19,11,30,63.33333333333333,36.666666666666664
28,48,76,36.84210526315789,63.1578947368421
3,6,9,33.33333333333333,66.66666666666666
39,68,107,36.44859813084112,63.55140186915887
56,54,110,50.90909090909091,49.09090909090909
44,37,81,54.32098765432099,45.67901234567901
4,16,20,20.0,80.0
46,62,108,42.592592592592595,57.407407407407405
71,51,122,58.19672131147541,41.80327868852459
4,8,12,33.33333333333333,66.66666666666666
8,20,28,28.57142857142857,71.42857142857143
11,19,30,36.666666666666664,63.33333333333333
1,6,7,14.285714285714285,85.71428571428571
50,64,114,43.859649122807014,56.14035087719298
8,12,20,40.0,60.0
78,66,144,54.166666666666664,45.83333333333333
8,20,28,28.57142857142857,71.42857142857143
27,11,38,71.05263157894737,28.947368421052634
42,81,123,34.146341463414636,65.85365853658537
23,22,45,51.11111111111111,48.888888888888886
7,10,17,41.17647058823529,58.82352941176471
9,14,23,39.130434782608695,60.86956521739131
21,29,50,42.0,57.99999999999999
6,13,19,31.57894736842105,68.42105263157895
3,15,18,16.666666666666664,83.33333333333334
28,40,68,41.17647058823529,58.82352941176471
10,76,86,11.627906976744185,88.37209302325581
82,143,225,36.44444444444444,63.55555555555556
10,24,34,29.411764705882355,70.58823529411765
14,37,51,27.450980392156865,72.54901960784314
5,9,14,35.714285714285715,64.28571428571429
48,43,91,52.74725274725275,47.25274725274725
4,15,19,21.052631578947366,78.94736842105263
8,16,24,33.33333333333333,66.66666666666666
8,33,41,19.51219512195122,80.48780487804879
5,6,11,45.45454545454545,54.54545454545454
5,11,16,31.25,68.75
5,39,44,11.363636363636363,88.63636363636364
40,27,67,59.70149253731343,40.298507462686565
21,31,52,40.38461538461539,59.61538461538461
80,86,166,48.19277108433735,51.80722891566265
13,35,48,27.083333333333332,72.91666666666666
34,185,219,15.52511415525114,84.47488584474885
26,33,59,44.06779661016949,55.932203389830505
25,37,62,40.32258064516129,59.67741935483871
20,60,80,25.0,75.0
7,13,20,35.0,65.0
1,7,8,12.5,87.5
1,9,10,10.0,90.0
13,84,97,13.402061855670103,86.5979381443299
57,69,126,45.23809523809524,54.761904761904766
3,29,32,9.375,90.625
30,67,97,30.927835051546392,69.0721649484536
13,11,24,54.166666666666664,45.83333333333333
11,4,15,73.33333333333333,26.666666666666668
24,34,58,41.37931034482759,58.620689655172406
1,8,9,11.11111111111111,88.88888888888889
1,7,8,12.5,87.5
5,20,25,20.0,80.0
3,14,17,17.647058823529413,82.35294117647058
56,53,109,51.37614678899083,48.62385321100918
68,211,279,24.372759856630825,75.62724014336918
19,18,37,51.35135135135135,48.64864864864865
3,25,28,10.714285714285714,89.28571428571429
28,21,49,57.14285714285714,42.857142857142854
6,17,23,26.08695652173913,73.91304347826086
29,79,108,26.851851851851855,73.14814814814815
16,15,31,51.61290322580645,48.38709677419355
56,60,116,48.275862068965516,51.724137931034484
9,60,69,13.043478260869565,86.95652173913044
4,31,35,11.428571428571429,88.57142857142857
19,52,71,26.76056338028169,73.23943661971832
9,8,17,52.94117647058824,47.05882352941176
50,67,117,42.73504273504273,57.26495726495726
69,62,131,52.67175572519084,47.32824427480916
1,10,11,9.090909090909092,90.9090909090909
10,14,24,41.66666666666667,58.333333333333336
12,33,45,26.666666666666668,73.33333333333333
35,54,89,39.325842696629216,60.67415730337079
48,63,111,43.24324324324324,56.75675675675676
57,189,246,23.170731707317074,76.82926829268293
29,73,102,28.431372549019606,71.56862745098039
31,144,175,17.71428571428571,82.28571428571428
3,7,10,30.0,70.0
2,10,12,16.666666666666664,83.33333333333334
35,34,69,50.72463768115942,49.275362318840585
2,9,11,18.181818181818183,81.81818181818183
44,73,117,37.60683760683761,62.39316239316239
4,13,17,23.52941176470588,76.47058823529412
13,114,127,10.236220472440944,89.76377952755905
69,59,128,53.90625,46.09375
2,5,7,28.57142857142857,71.42857142857143
4,6,10,40.0,60.0
8,13,21,38.095238095238095,61.904761904761905
2,11,13,15.384615384615385,84.61538461538461
5,14,19,26.31578947368421,73.68421052631578
10,20,30,33.33333333333333,66.66666666666666
52,44,96,54.166666666666664,45.83333333333333
6,8,14,42.857142857142854,57.14285714285714
3,17,20,15.0,85.0
35,27,62,56.451612903225815,43.54838709677419
30,118,148,20.27027027027027,79.72972972972973
35,61,96,36.45833333333333,63.541666666666664
16,40,56,28.57142857142857,71.42857142857143
12,9,21,57.14285714285714,42.857142857142854
7,13,20,35.0,65.0
89,60,149,59.73154362416108,40.26845637583892
15,73,88,17.045454545454543,82.95454545454545
30,56,86,34.883720930232556,65.11627906976744
38,53,91,41.75824175824176,58.24175824175825
76,68,144,52.77777777777778,47.22222222222222
12,24,36,33.33333333333333,66.66666666666666
9,19,28,32.142857142857146,67.85714285714286
12,64,76,15.789473684210526,84.21052631578947
11,11,22,50.0,50.0
8,9,17,47.05882352941176,52.94117647058824
47,47,94,50.0,50.0
7,14,21,33.33333333333333,66.66666666666666
50,93,143,34.96503496503497,65.03496503496503
3,18,21,14.285714285714285,85.71428571428571
4,18,22,18.181818181818183,81.81818181818183
51,51,102,50.0,50.0
28,25,53,52.83018867924528,47.16981132075472
17,36,53,32.075471698113205,67.9245283018868
13,20,33,39.39393939393939,60.60606060606061
6,12,18,33.33333333333333,66.66666666666666
1,11,12,8.333333333333332,91.66666666666666
9,25,34,26.47058823529412,73.52941176470588
17,9,26,65.38461538461539,34.61538461538461
45,75,120,37.5,62.5
4,26,30,13.333333333333334,86.66666666666667
13,22,35,37.142857142857146,62.857142857142854
1,16,17,5.88235294117647,94.11764705882352
7,5,12,58.333333333333336,41.66666666666667
5,8,13,38.46153846153847,61.53846153846154
26,112,138,18.84057971014493,81.15942028985508
60,27,87,68.96551724137932,31.03448275862069
15,59,74,20.27027027027027,79.72972972972973
51,37,88,57.95454545454546,42.04545454545455
9,34,43,20.930232558139537,79.06976744186046
6,8,14,42.857142857142854,57.14285714285714
5,12,17,29.411764705882355,70.58823529411765
8,20,28,28.57142857142857,71.42857142857143
32,69,101,31.683168316831683,68.31683168316832
13,83,96,13.541666666666666,86.45833333333334
12,26,38,31.57894736842105,68.42105263157895
4,2,6,66.66666666666666,33.33333333333333
12,11,23,52.17391304347826,47.82608695652174
4,9,13,30.76923076923077,69.23076923076923
6,51,57,10.526315789473683,89.47368421052632
2,17,19,10.526315789473683,89.47368421052632
6,38,44,13.636363636363635,86.36363636363636
26,69,95,27.368421052631582,72.63157894736842
63,74,137,45.98540145985402,54.01459854014598
27,80,107,25.233644859813083,74.76635514018692
4,40,44,9.090909090909092,90.9090909090909
30,89,119,25.210084033613445,74.78991596638656
36,62,98,36.734693877551024,63.26530612244898
9,54,63,14.285714285714285,85.71428571428571
54,28,82,65.85365853658537,34.146341463414636
1,5,6,16.666666666666664,83.33333333333334
30,52,82,36.58536585365854,63.41463414634146
5,11,16,31.25,68.75
23,25,48,47.91666666666667,52.083333333333336
3,16,19,15.789473684210526,84.21052631578947
0,4,4,0.0,100.0
40,84,124,32.25806451612903,67.74193548387096
32,29,61,52.459016393442624,47.540983606557376
15,11,26,57.692307692307686,42.30769230769231
48,22,70,68.57142857142857,31.428571428571427
3,29,32,9.375,90.625
5,24,29,17.24137931034483,82.75862068965517
22,14,36,61.111111111111114,38.88888888888889
20,69,89,22.47191011235955,77.52808988764045
26,45,71,36.61971830985916,63.38028169014085
9,7,16,56.25,43.75
18,6,24,75.0,25.0
20,33,53,37.735849056603776,62.264150943396224
48,202,250,19.2,80.80000000000001
7,10,17,41.17647058823529,58.82352941176471
12,6,18,66.66666666666666,33.33333333333333
5,10,15,33.33333333333333,66.66666666666666
3,4,7,42.857142857142854,57.14285714285714
8,12,20,40.0,60.0
19,17,36,52.77777777777778,47.22222222222222
6,4,10,60.0,40.0
3,1,4,75.0,25.0
3,5,8,37.5,62.5
21,32,53,39.62264150943396,60.37735849056604
4,18,22,18.181818181818183,81.81818181818183
29,94,123,23.577235772357724,76.42276422764228
45,81,126,35.714285714285715,64.28571428571429
59,117,176,33.52272727272727,66.47727272727273
9,38,47,19.148936170212767,80.85106382978722
18,36,54,33.33333333333333,66.66666666666666
69,35,104,66.34615384615384,33.65384615384615
3,24,27,11.11111111111111,88.88888888888889
19,17,36,52.77777777777778,47.22222222222222
71,91,162,43.82716049382716,56.17283950617284
8,26,34,23.52941176470588,76.47058823529412
20,37,57,35.08771929824561,64.91228070175438
45,39,84,53.57142857142857,46.42857142857143
24,38,62,38.70967741935484,61.29032258064516
6,15,21,28.57142857142857,71.42857142857143
46,41,87,52.87356321839081,47.12643678160919
3,25,28,10.714285714285714,89.28571428571429
3,5,8,37.5,62.5
12,129,141,8.51063829787234,91.48936170212765
3,18,21,14.285714285714285,85.71428571428571
34,32,66,51.515151515151516,48.484848484848484
46,34,80,57.49999999999999,42.5
3,12,15,20.0,80.0
1,9,10,10.0,90.0
47,75,122,38.52459016393443,61.47540983606557
2,7,9,22.22222222222222,77.77777777777779
26,23,49,53.06122448979592,46.93877551020408
26,58,84,30.952380952380953,69.04761904761905
8,50,58,13.793103448275861,86.20689655172413
8,69,77,10.38961038961039,89.6103896103896
49,40,89,55.0561797752809,44.9438202247191
19,19,38,50.0,50.0
6,22,28,21.428571428571427,78.57142857142857
45,62,107,42.05607476635514,57.943925233644855
56,40,96,58.333333333333336,41.66666666666667
12,6,18,66.66666666666666,33.33333333333333
5,4,9,55.55555555555556,44.44444444444444
12,21,33,36.36363636363637,63.63636363636363
34,26,60,56.666666666666664,43.333333333333336
6,5,11,54.54545454545454,45.45454545454545
8,17,25,32.0,68.0
5,48,53,9.433962264150944,90.56603773584906
33,54,87,37.93103448275862,62.06896551724138
12,54,66,18.181818181818183,81.81818181818183
33,12,45,73.33333333333333,26.666666666666668
19,38,57,33.33333333333333,66.66666666666666
14,41,55,25.454545454545453,74.54545454545455
10,11,21,47.61904761904761,52.38095238095239
16,57,73,21.91780821917808,78.08219178082192
1,6,7,14.285714285714285,85.71428571428571
16,8,24,66.66666666666666,33.33333333333333
9,15,24,37.5,62.5
74,54,128,57.8125,42.1875
14,20,34,41.17647058823529,58.82352941176471
25,20,45,55.55555555555556,44.44444444444444
15,34,49,30.612244897959183,69.38775510204081
13,7,20,65.0,35.0
18,18,36,50.0,50.0
28,90,118,23.728813559322035,76.27118644067797
7,47,54,12.962962962962962,87.03703703703704
10,3,13,76.92307692307693,23.076923076923077
7,10,17,41.17647058823529,58.82352941176471
13,11,24,54.166666666666664,45.83333333333333
7,9,16,43.75,56.25
26,40,66,39.39393939393939,60.60606060606061
9,21,30,30.0,70.0
26,38,64,40.625,59.375
75,38,113,66.3716814159292,33.6283185840708
11,13,24,45.83333333333333,54.166666666666664
16,12,28,57.14285714285714,42.857142857142854
11,7,18,61.111111111111114,38.88888888888889
68,108,176,38.63636363636363,61.36363636363637
21,55,76,27.631578947368425,72.36842105263158
6,14,20,30.0,70.0
48,40,88,54.54545454545454,45.45454545454545
1,10,11,9.090909090909092,90.9090909090909
7,30,37,18.91891891891892,81.08108108108108
12,35,47,25.53191489361702,74.46808510638297
46,48,94,48.93617021276596,51.06382978723404
12,18,30,40.0,60.0
35,38,73,47.94520547945205,52.054794520547944
2,17,19,10.526315789473683,89.47368421052632
18,28,46,39.130434782608695,60.86956521739131
16,10,26,61.53846153846154,38.46153846153847
8,34,42,19.047619047619047,80.95238095238095
6,9,15,40.0,60.0
52,62,114,45.614035087719294,54.385964912280706
55,25,80,68.75,31.25
37,19,56,66.07142857142857,33.92857142857143
43,64,107,40.18691588785047,59.813084112149525
9,47,56,16.071428571428573,83.92857142857143
8,42,50,16.0,84.0
5,37,42,11.904761904761903,88.09523809523809
40,47,87,45.97701149425287,54.02298850574713
6,13,19,31.57894736842105,68.42105263157895
16,20,36,44.44444444444444,55.55555555555556
7,35,42,16.666666666666664,83.33333333333334
12,46,58,20.689655172413794,79.3103448275862
3,10,13,23.076923076923077,76.92307692307693
3,21,24,12.5,87.5
2,7,9,22.22222222222222,77.77777777777779
2,8,10,20.0,80.0
4,17,21,19.047619047619047,80.95238095238095
12,8,20,60.0,40.0
11,7,18,61.111111111111114,38.88888888888889
5,5,10,50.0,50.0
10,22,32,31.25,68.75
5,4,9,55.55555555555556,44.44444444444444
50,152,202,24.752475247524753,75.24752475247524
4,27,31,12.903225806451612,87.09677419354838
8,30,38,21.052631578947366,78.94736842105263
3,17,20,15.0,85.0
10,39,49,20.408163265306122,79.59183673469387
0,9,9,0.0,100.0
3,5,8,37.5,62.5
56,58,114,49.122807017543856,50.877192982456144
6,3,9,66.66666666666666,33.33333333333333
9,36,45,20.0,80.0
29,65,94,30.851063829787233,69.14893617021278
14,40,54,25.925925925925924,74.07407407407408
10,9,19,52.63157894736842,47.368421052631575
58,65,123,47.15447154471545,52.84552845528455
33,28,61,54.09836065573771,45.90163934426229
10,30,40,25.0,75.0
54,110,164,32.926829268292686,67.07317073170732
4,21,25,16.0,84.0
50,46,96,52.083333333333336,47.91666666666667
10,39,49,20.408163265306122,79.59183673469387
4,8,12,33.33333333333333,66.66666666666666
48,33,81,59.25925925925925,40.74074074074074
4,17,21,19.047619047619047,80.95238095238095
13,27,40,32.5,67.5
9,41,50,18.0,82.0
5,14,19,26.31578947368421,73.68421052631578
14,15,29,48.275862068965516,51.724137931034484
1,22,23,4.3478260869565215,95.65217391304348
15,42,57,26.31578947368421,73.68421052631578
9,15,24,37.5,62.5
19,17,36,52.77777777777778,47.22222222222222
10,19,29,34.48275862068966,65.51724137931035
2,21,23,8.695652173913043,91.30434782608695
1,3,4,25.0,75.0
3,3,6,50.0,50.0
12,41,53,22.641509433962266,77.35849056603774
4,23,27,14.814814814814813,85.18518518518519
21,76,97,21.649484536082475,78.35051546391753
16,39,55,29.09090909090909,70.9090909090909
21,81,102,20.588235294117645,79.41176470588235
7,13,20,35.0,65.0
34,30,64,53.125,46.875
20,26,46,43.47826086956522,56.52173913043478
21,17,38,55.26315789473685,44.73684210526316
30,58,88,34.090909090909086,65.9090909090909
3,6,9,33.33333333333333,66.66666666666666
1,19,20,5.0,95.0
10,14,24,41.66666666666667,58.333333333333336
15,19,34,44.11764705882353,55.88235294117647
4,14,18,22.22222222222222,77.77777777777779
7,16,23,30.434782608695656,69.56521739130434
11,19,30,36.666666666666664,63.33333333333333
5,33,38,13.157894736842104,86.8421052631579
10,17,27,37.03703703703704,62.96296296296296
6,45,51,11.76470588235294,88.23529411764706
6,5,11,54.54545454545454,45.45454545454545
7,8,15,46.666666666666664,53.333333333333336
21,22,43,48.837209302325576,51.162790697674424
22,9,31,70.96774193548387,29.03225806451613
2,17,19,10.526315789473683,89.47368421052632
9,22,31,29.03225806451613,70.96774193548387
11,15,26,42.30769230769231,57.692307692307686
10,47,57,17.543859649122805,82.45614035087719
12,11,23,52.17391304347826,47.82608695652174
6,24,30,20.0,80.0
4,15,19,21.052631578947366,78.94736842105263
6,19,25,24.0,76.0
14,40,54,25.925925925925924,74.07407407407408
1,14,15,6.666666666666667,93.33333333333333
6,19,25,24.0,76.0
14,7,21,66.66666666666666,33.33333333333333
7,23,30,23.333333333333332,76.66666666666667
0,8,8,0.0,100.0
19,29,48,39.58333333333333,60.416666666666664
10,30,40,25.0,75.0
3,16,19,15.789473684210526,84.21052631578947
15,6,21,71.42857142857143,28.57142857142857
11,61,72,15.277777777777779,84.72222222222221
0,23,23,0.0,100.0
9,16,25,36.0,64.0
4,21,25,16.0,84.0
25,44,69,36.231884057971016,63.76811594202898
14,37,51,27.450980392156865,72.54901960784314
2,26,28,7.142857142857142,92.85714285714286
54,36,90,60.0,40.0
4,7,11,36.36363636363637,63.63636363636363
9,35,44,20.454545454545457,79.54545454545455
4,4,8,50.0,50.0
8,14,22,36.36363636363637,63.63636363636363
6,6,12,50.0,50.0
16,9,25,64.0,36.0
15,14,29,51.724137931034484,48.275862068965516
16,20,36,44.44444444444444,55.55555555555556
46,21,67,68.65671641791045,31.343283582089555
14,12,26,53.84615384615385,46.15384615384615
4,16,20,20.0,80.0
46,41,87,52.87356321839081,47.12643678160919
2,12,14,14.285714285714285,85.71428571428571
3,35,38,7.894736842105263,92.10526315789474
5,45,50,10.0,90.0
17,35,52,32.69230769230769,67.3076923076923
6,14,20,30.0,70.0
4,15,19,21.052631578947366,78.94736842105263
6,11,17,35.294117647058826,64.70588235294117
10,29,39,25.64102564102564,74.35897435897436
3,38,41,7.317073170731707,92.6829268292683
16,19,35,45.714285714285715,54.285714285714285
15,7,22,68.18181818181817,31.818181818181817
4,4,8,50.0,50.0
22,26,48,45.83333333333333,54.166666666666664
17,19,36,47.22222222222222,52.77777777777778
14,11,25,56.00000000000001,44.0
21,9,30,70.0,30.0
0,16,16,0.0,100.0
11,38,49,22.448979591836736,77.55102040816327
15,29,44,34.090909090909086,65.9090909090909
12,70,82,14.634146341463413,85.36585365853658
10,13,23,43.47826086956522,56.52173913043478
10,21,31,32.25806451612903,67.74193548387096
1,11,12,8.333333333333332,91.66666666666666
38,78,116,32.758620689655174,67.24137931034483
7,9,16,43.75,56.25
50,150,200,25.0,75.0
24,62,86,27.906976744186046,72.09302325581395
6,14,20,30.0,70.0
2,16,18,11.11111111111111,88.88888888888889
11,10,21,52.38095238095239,47.61904761904761
2,25,27,7.4074074074074066,92.5925925925926
6,58,64,9.375,90.625
21,15,36,58.333333333333336,41.66666666666667
8,14,22,36.36363636363637,63.63636363636363
66,37,103,64.07766990291263,35.92233009708738
13,18,31,41.935483870967744,58.06451612903226
5,15,20,25.0,75.0
9,17,26,34.61538461538461,65.38461538461539
19,22,41,46.34146341463415,53.65853658536586
5,21,26,19.230769230769234,80.76923076923077
20,38,58,34.48275862068966,65.51724137931035
2,10,12,16.666666666666664,83.33333333333334
3,10,13,23.076923076923077,76.92307692307693
6,9,15,40.0,60.0
6,9,15,40.0,60.0
7,17,24,29.166666666666668,70.83333333333334
4,12,16,25.0,75.0
5,18,23,21.73913043478261,78.26086956521739
5,35,40,12.5,87.5
7,18,25,28.000000000000004,72.0
13,21,34,38.23529411764706,61.76470588235294
13,21,34,38.23529411764706,61.76470588235294
4,40,44,9.090909090909092,90.9090909090909
5,17,22,22.727272727272727,77.27272727272727
59,80,139,42.44604316546763,57.55395683453237
44,161,205,21.463414634146343,78.53658536585367
11,28,39,28.205128205128204,71.7948717948718
7,4,11,63.63636363636363,36.36363636363637
11,25,36,30.555555555555557,69.44444444444444
12,17,29,41.37931034482759,58.620689655172406
14,9,23,60.86956521739131,39.130434782608695
42,187,229,18.340611353711793,81.6593886462882
27,61,88,30.681818181818183,69.31818181818183
8,55,63,12.698412698412698,87.3015873015873
31,120,151,20.52980132450331,79.47019867549669
6,4,10,60.0,40.0
4,14,18,22.22222222222222,77.77777777777779
33,157,190,17.36842105263158,82.63157894736842
17,59,76,22.36842105263158,77.63157894736842
4,51,55,7.2727272727272725,92.72727272727272
1,5,6,16.666666666666664,83.33333333333334
2,10,12,16.666666666666664,83.33333333333334
23,35,58,39.6551724137931,60.3448275862069
23,50,73,31.506849315068493,68.4931506849315
37,30,67,55.223880597014926,44.776119402985074
7,18,25,28.000000000000004,72.0
13,53,66,19.696969696969695,80.3030303030303
52,80,132,39.39393939393939,60.60606060606061
20,54,74,27.027027027027028,72.97297297297297
17,36,53,32.075471698113205,67.9245283018868
10,9,19,52.63157894736842,47.368421052631575
54,54,108,50.0,50.0
39,42,81,48.148148148148145,51.85185185185185
0,12,12,0.0,100.0
30,17,47,63.829787234042556,36.17021276595745
41,183,224,18.303571428571427,81.69642857142857
74,141,215,34.418604651162795,65.58139534883722
14,115,129,10.852713178294573,89.14728682170544
6,9,15,40.0,60.0
11,44,55,20.0,80.0
13,60,73,17.80821917808219,82.1917808219178
33,208,241,13.692946058091287,86.30705394190872
48,135,183,26.229508196721312,73.77049180327869
17,128,145,11.724137931034482,88.27586206896552
40,160,200,20.0,80.0
26,83,109,23.853211009174313,76.14678899082568
7,35,42,16.666666666666664,83.33333333333334
64,145,209,30.62200956937799,69.377990430622
65,88,153,42.48366013071895,57.51633986928104
29,114,143,20.27972027972028,79.72027972027972
31,156,187,16.577540106951872,83.42245989304813
14,68,82,17.073170731707318,82.92682926829268
10,52,62,16.129032258064516,83.87096774193549
5,53,58,8.620689655172415,91.37931034482759
4,11,15,26.666666666666668,73.33333333333333
19,84,103,18.446601941747574,81.55339805825243
20,50,70,28.57142857142857,71.42857142857143
28,86,114,24.561403508771928,75.43859649122807
53,170,223,23.766816143497756,76.23318385650224
32,52,84,38.095238095238095,61.904761904761905
31,117,148,20.945945945945947,79.05405405405406
6,28,34,17.647058823529413,82.35294117647058
10,70,80,12.5,87.5
35,39,74,47.2972972972973,52.702702702702695
27,87,114,23.684210526315788,76.31578947368422
12,76,88,13.636363636363635,86.36363636363636
9,28,37,24.324324324324326,75.67567567567568
2,13,15,13.333333333333334,86.66666666666667
49,160,209,23.444976076555022,76.55502392344498
20,66,86,23.25581395348837,76.74418604651163
13,75,88,14.772727272727273,85.22727272727273
18,115,133,13.533834586466165,86.46616541353383
5,35,40,12.5,87.5
31,135,166,18.67469879518072,81.32530120481928
1,22,23,4.3478260869565215,95.65217391304348
76,123,199,38.19095477386934,61.80904522613066
6,32,38,15.789473684210526,84.21052631578947
51,76,127,40.15748031496063,59.84251968503938
9,77,86,10.465116279069768,89.53488372093024
18,142,160,11.25,88.75
10,55,65,15.384615384615385,84.61538461538461
46,177,223,20.62780269058296,79.37219730941703
1,5,6,16.666666666666664,83.33333333333334
7,27,34,20.588235294117645,79.41176470588235
16,104,120,13.333333333333334,86.66666666666667
31,107,138,22.463768115942027,77.53623188405797
25,105,130,19.230769230769234,80.76923076923077
7,11,18,38.88888888888889,61.111111111111114
1,14,15,6.666666666666667,93.33333333333333
56,131,187,29.946524064171122,70.05347593582889
7,33,40,17.5,82.5
10,15,25,40.0,60.0
19,98,117,16.23931623931624,83.76068376068376
10,22,32,31.25,68.75
19,33,52,36.53846153846153,63.46153846153846
15,87,102,14.705882352941178,85.29411764705883
16,46,62,25.806451612903224,74.19354838709677
20,9,29,68.96551724137932,31.03448275862069
1,17,18,5.555555555555555,94.44444444444444
4,59,63,6.349206349206349,93.65079365079364
1,14,15,6.666666666666667,93.33333333333333
4,8,12,33.33333333333333,66.66666666666666
9,45,54,16.666666666666664,83.33333333333334
9,49,58,15.517241379310345,84.48275862068965
20,58,78,25.64102564102564,74.35897435897436
26,200,226,11.504424778761061,88.49557522123894
82,145,227,36.12334801762114,63.87665198237885
19,128,147,12.925170068027212,87.07482993197279
6,7,13,46.15384615384615,53.84615384615385
23,39,62,37.096774193548384,62.903225806451616
56,55,111,50.45045045045045,49.549549549549546
22,23,45,48.888888888888886,51.11111111111111
7,34,41,17.073170731707318,82.92682926829268
8,33,41,19.51219512195122,80.48780487804879
8,58,66,12.121212121212121,87.87878787878788
4,39,43,9.30232558139535,90.69767441860465
38,95,133,28.57142857142857,71.42857142857143
40,130,170,23.52941176470588,76.47058823529412
6,51,57,10.526315789473683,89.47368421052632
11,78,89,12.359550561797752,87.64044943820225
7,35,42,16.666666666666664,83.33333333333334
41,114,155,26.451612903225808,73.54838709677419
7,37,44,15.909090909090908,84.0909090909091
3,14,17,17.647058823529413,82.35294117647058
19,79,98,19.387755102040817,80.61224489795919
15,68,83,18.072289156626507,81.92771084337349
11,39,50,22.0,78.0
63,179,242,26.033057851239672,73.96694214876032
0,11,11,0.0,100.0
26,54,80,32.5,67.5
5,23,28,17.857142857142858,82.14285714285714
1,24,25,4.0,96.0
26,66,92,28.26086956521739,71.73913043478261
20,92,112,17.857142857142858,82.14285714285714
37,59,96,38.54166666666667,61.458333333333336
62,44,106,58.490566037735846,41.509433962264154
11,20,31,35.483870967741936,64.51612903225806
16,38,54,29.629629629629626,70.37037037037037
4,34,38,10.526315789473683,89.47368421052632
7,26,33,21.21212121212121,78.78787878787878
31,72,103,30.097087378640776,69.90291262135922
2,41,43,4.651162790697675,95.34883720930233
12,35,47,25.53191489361702,74.46808510638297
9,23,32,28.125,71.875
68,86,154,44.15584415584416,55.84415584415584
29,131,160,18.125,81.875
41,23,64,64.0625,35.9375
44,105,149,29.53020134228188,70.46979865771812
17,110,127,13.385826771653544,86.61417322834646
9,22,31,29.03225806451613,70.96774193548387
33,111,144,22.916666666666664,77.08333333333334
19,28,47,40.42553191489361,59.57446808510638
65,119,184,35.32608695652174,64.67391304347827
40,135,175,22.857142857142858,77.14285714285715
6,55,61,9.836065573770492,90.1639344262295
23,43,66,34.84848484848485,65.15151515151516
12,40,52,23.076923076923077,76.92307692307693
9,46,55,16.363636363636363,83.63636363636363
11,47,58,18.96551724137931,81.03448275862068
2,15,17,11.76470588235294,88.23529411764706
29,127,156,18.58974358974359,81.41025641025641
32,163,195,16.41025641025641,83.58974358974359
7,12,19,36.84210526315789,63.1578947368421
5,15,20,25.0,75.0
10,33,43,23.25581395348837,76.74418604651163
34,83,117,29.059829059829063,70.94017094017094
7,31,38,18.421052631578945,81.57894736842105
5,4,9,55.55555555555556,44.44444444444444
18,14,32,56.25,43.75
41,120,161,25.465838509316768,74.53416149068323
4,15,19,21.052631578947366,78.94736842105263
63,85,148,42.567567567567565,57.432432432432435
59,126,185,31.891891891891895,68.10810810810811
44,111,155,28.387096774193548,71.61290322580646
30,106,136,22.058823529411764,77.94117647058823
3,14,17,17.647058823529413,82.35294117647058
3,19,22,13.636363636363635,86.36363636363636
8,80,88,9.090909090909092,90.9090909090909
4,56,60,6.666666666666667,93.33333333333333
7,60,67,10.44776119402985,89.55223880597015
6,17,23,26.08695652173913,73.91304347826086
27,52,79,34.177215189873415,65.82278481012658
36,171,207,17.391304347826086,82.6086956521739
27,94,121,22.31404958677686,77.68595041322314
21,61,82,25.609756097560975,74.39024390243902
6,37,43,13.953488372093023,86.04651162790698
4,5,9,44.44444444444444,55.55555555555556
10,34,44,22.727272727272727,77.27272727272727
20,65,85,23.52941176470588,76.47058823529412
25,34,59,42.3728813559322,57.6271186440678
10,48,58,17.24137931034483,82.75862068965517
10,15,25,40.0,60.0
7,32,39,17.94871794871795,82.05128205128204
8,13,21,38.095238095238095,61.904761904761905
30,141,171,17.543859649122805,82.45614035087719
8,8,16,50.0,50.0
14,20,34,41.17647058823529,58.82352941176471
7,23,30,23.333333333333332,76.66666666666667
14,15,29,48.275862068965516,51.724137931034484
10,18,28,35.714285714285715,64.28571428571429
9,19,28,32.142857142857146,67.85714285714286
46,112,158,29.11392405063291,70.88607594936708
5,12,17,29.411764705882355,70.58823529411765
15,115,130,11.538461538461538,88.46153846153845
12,22,34,35.294117647058826,64.70588235294117
12,7,19,63.1578947368421,36.84210526315789
1,19,20,5.0,95.0
4,24,28,14.285714285714285,85.71428571428571
13,29,42,30.952380952380953,69.04761904761905
12,23,35,34.285714285714285,65.71428571428571
6,36,42,14.285714285714285,85.71428571428571
32,135,167,19.16167664670659,80.83832335329342
23,49,72,31.944444444444443,68.05555555555556
24,87,111,21.62162162162162,78.37837837837837
6,35,41,14.634146341463413,85.36585365853658
46,49,95,48.421052631578945,51.578947368421055
8,30,38,21.052631578947366,78.94736842105263
14,23,37,37.83783783783784,62.16216216216216
36,79,115,31.30434782608696,68.69565217391305
52,71,123,42.27642276422765,57.72357723577236
15,25,40,37.5,62.5
2,20,22,9.090909090909092,90.9090909090909
24,143,167,14.37125748502994,85.62874251497006
9,27,36,25.0,75.0
5,10,15,33.33333333333333,66.66666666666666
3,33,36,8.333333333333332,91.66666666666666
2,20,22,9.090909090909092,90.9090909090909
7,25,32,21.875,78.125
24,37,61,39.34426229508197,60.65573770491803
4,13,17,23.52941176470588,76.47058823529412
20,47,67,29.850746268656714,70.1492537313433
5,22,27,18.51851851851852,81.48148148148148
49,159,208,23.557692307692307,76.4423076923077
33,33,66,50.0,50.0
12,25,37,32.432432432432435,67.56756756756756
56,93,149,37.58389261744966,62.41610738255034
4,33,37,10.81081081081081,89.1891891891892
12,40,52,23.076923076923077,76.92307692307693
37,67,104,35.57692307692308,64.42307692307693
2,19,21,9.523809523809524,90.47619047619048
8,42,50,16.0,84.0
16,124,140,11.428571428571429,88.57142857142857
15,56,71,21.12676056338028,78.87323943661971
6,11,17,35.294117647058826,64.70588235294117
27,40,67,40.298507462686565,59.70149253731343
16,42,58,27.586206896551722,72.41379310344827
9,11,20,45.0,55.00000000000001
6,17,23,26.08695652173913,73.91304347826086
16,55,71,22.535211267605636,77.46478873239437
7,34,41,17.073170731707318,82.92682926829268
13,60,73,17.80821917808219,82.1917808219178
5,16,21,23.809523809523807,76.19047619047619
61,101,162,37.65432098765432,62.34567901234568
37,117,154,24.025974025974026,75.97402597402598
45,42,87,51.724137931034484,48.275862068965516
6,17,23,26.08695652173913,73.91304347826086
18,14,32,56.25,43.75
0,5,5,0.0,100.0
30,90,120,25.0,75.0
4,35,39,10.256410256410255,89.74358974358975
20,73,93,21.50537634408602,78.49462365591397
19,39,58,32.758620689655174,67.24137931034483
25,73,98,25.510204081632654,74.48979591836735
60,39,99,60.60606060606061,39.39393939393939
18,41,59,30.508474576271187,69.49152542372882
2,10,12,16.666666666666664,83.33333333333334
3,9,12,25.0,75.0
5,19,24,20.833333333333336,79.16666666666666
21,39,60,35.0,65.0
12,19,31,38.70967741935484,61.29032258064516
18,32,50,36.0,64.0
24,116,140,17.142857142857142,82.85714285714286
15,56,71,21.12676056338028,78.87323943661971
3,7,10,30.0,70.0
36,99,135,26.666666666666668,73.33333333333333
8,75,83,9.63855421686747,90.36144578313254
7,27,34,20.588235294117645,79.41176470588235
11,49,60,18.333333333333332,81.66666666666667
45,100,145,31.03448275862069,68.96551724137932
8,10,18,44.44444444444444,55.55555555555556
17,98,115,14.782608695652174,85.21739130434783
20,24,44,45.45454545454545,54.54545454545454
15,63,78,19.230769230769234,80.76923076923077
15,20,35,42.857142857142854,57.14285714285714
2,18,20,10.0,90.0
9,5,14,64.28571428571429,35.714285714285715
24,47,71,33.80281690140845,66.19718309859155
3,17,20,15.0,85.0
4,12,16,25.0,75.0
9,38,47,19.148936170212767,80.85106382978722
0,14,14,0.0,100.0
15,9,24,62.5,37.5
6,24,30,20.0,80.0
7,33,40,17.5,82.5
30,133,163,18.404907975460123,81.59509202453987
26,44,70,37.142857142857146,62.857142857142854
6,20,26,23.076923076923077,76.92307692307693
94,85,179,52.513966480446925,47.486033519553075
5,25,30,16.666666666666664,83.33333333333334
49,49,98,50.0,50.0
63,87,150,42.0,57.99999999999999
29,124,153,18.954248366013072,81.04575163398692
17,22,39,43.58974358974359,56.41025641025641
22,103,125,17.599999999999998,82.39999999999999
1,13,14,7.142857142857142,92.85714285714286
32,139,171,18.71345029239766,81.28654970760235
0,29,29,0.0,100.0
23,61,84,27.380952380952383,72.61904761904762
78,74,152,51.31578947368421,48.68421052631579
41,98,139,29.496402877697843,70.50359712230215
36,64,100,36.0,64.0
13,24,37,35.13513513513514,64.86486486486487
9,17,26,34.61538461538461,65.38461538461539
43,70,113,38.05309734513274,61.94690265486725
7,36,43,16.27906976744186,83.72093023255815
16,78,94,17.02127659574468,82.97872340425532
30,127,157,19.10828025477707,80.89171974522293
10,23,33,30.303030303030305,69.6969696969697
28,38,66,42.42424242424242,57.57575757575758
3,22,25,12.0,88.0
2,30,32,6.25,93.75
5,4,9,55.55555555555556,44.44444444444444
54,60,114,47.368421052631575,52.63157894736842
5,16,21,23.809523809523807,76.19047619047619
8,21,29,27.586206896551722,72.41379310344827
1,9,10,10.0,90.0
6,24,30,20.0,80.0
28,25,53,52.83018867924528,47.16981132075472
26,155,181,14.3646408839779,85.6353591160221
40,120,160,25.0,75.0
4,15,19,21.052631578947366,78.94736842105263
24,15,39,61.53846153846154,38.46153846153847
15,9,24,62.5,37.5
15,16,31,48.38709677419355,51.61290322580645
2,31,33,6.0606060606060606,93.93939393939394
18,73,91,19.78021978021978,80.21978021978022
10,25,35,28.57142857142857,71.42857142857143
9,9,18,50.0,50.0
4,16,20,20.0,80.0
3,8,11,27.27272727272727,72.72727272727273
37,47,84,44.047619047619044,55.952380952380956
8,21,29,27.586206896551722,72.41379310344827
11,55,66,16.666666666666664,83.33333333333334
45,47,92,48.91304347826087,51.08695652173913
3,22,25,12.0,88.0
5,16,21,23.809523809523807,76.19047619047619
7,37,44,15.909090909090908,84.0909090909091
0,7,7,0.0,100.0
13,43,56,23.214285714285715,76.78571428571429
31,86,117,26.495726495726498,73.50427350427351
8,9,17,47.05882352941176,52.94117647058824
50,67,117,42.73504273504273,57.26495726495726
3,7,10,30.0,70.0
6,16,22,27.27272727272727,72.72727272727273
11,77,88,12.5,87.5
2,15,17,11.76470588235294,88.23529411764706
6,35,41,14.634146341463413,85.36585365853658
17,70,87,19.54022988505747,80.45977011494253
5,21,26,19.230769230769234,80.76923076923077
12,44,56,21.428571428571427,78.57142857142857
23,113,136,16.911764705882355,83.08823529411765
22,95,117,18.803418803418804,81.19658119658119
14,18,32,43.75,56.25
5,14,19,26.31578947368421,73.68421052631578
45,129,174,25.862068965517242,74.13793103448276
4,11,15,26.666666666666668,73.33333333333333
4,22,26,15.384615384615385,84.61538461538461
0,10,10,0.0,100.0
30,75,105,28.57142857142857,71.42857142857143
54,89,143,37.76223776223776,62.23776223776224
6,17,23,26.08695652173913,73.91304347826086
4,32,36,11.11111111111111,88.88888888888889
4,18,22,18.181818181818183,81.81818181818183
5,14,19,26.31578947368421,73.68421052631578
2,36,38,5.263157894736842,94.73684210526315
12,21,33,36.36363636363637,63.63636363636363
16,44,60,26.666666666666668,73.33333333333333
8,138,146,5.47945205479452,94.52054794520548
12,30,42,28.57142857142857,71.42857142857143
3,13,16,18.75,81.25
69,59,128,53.90625,46.09375
52,75,127,40.94488188976378,59.055118110236215
23,28,51,45.09803921568628,54.90196078431373
26,93,119,21.84873949579832,78.15126050420169
33,93,126,26.190476190476193,73.80952380952381
1,41,42,2.380952380952381,97.61904761904762
39,24,63,61.904761904761905,38.095238095238095
29,24,53,54.71698113207547,45.28301886792453
25,39,64,39.0625,60.9375
27,14,41,65.85365853658537,34.146341463414636
5,33,38,13.157894736842104,86.8421052631579
2,27,29,6.896551724137931,93.10344827586206
8,27,35,22.857142857142858,77.14285714285715
6,24,30,20.0,80.0
16,28,44,36.36363636363637,63.63636363636363
8,28,36,22.22222222222222,77.77777777777779
36,22,58,62.06896551724138,37.93103448275862
3,16,19,15.789473684210526,84.21052631578947
3,10,13,23.076923076923077,76.92307692307693
9,22,31,29.03225806451613,70.96774193548387
5,11,16,31.25,68.75
6,5,11,54.54545454545454,45.45454545454545
16,21,37,43.24324324324324,56.75675675675676
14,25,39,35.8974358974359,64.1025641025641
53,88,141,37.5886524822695,62.4113475177305
0,7,7,0.0,100.0
0,6,6,0.0,100.0
6,12,18,33.33333333333333,66.66666666666666
29,20,49,59.183673469387756,40.816326530612244
2,5,7,28.57142857142857,71.42857142857143
5,27,32,15.625,84.375
6,15,21,28.57142857142857,71.42857142857143
5,18,23,21.73913043478261,78.26086956521739
0,13,13,0.0,100.0
8,11,19,42.10526315789473,57.89473684210527
31,30,61,50.81967213114754,49.18032786885246
11,36,47,23.404255319148938,76.59574468085107
10,32,42,23.809523809523807,76.19047619047619
9,113,122,7.377049180327869,92.62295081967213
4,38,42,9.523809523809524,90.47619047619048
4,12,16,25.0,75.0
3,11,14,21.428571428571427,78.57142857142857
14,12,26,53.84615384615385,46.15384615384615
3,12,15,20.0,80.0
4,16,20,20.0,80.0
65,24,89,73.03370786516854,26.96629213483146
36,31,67,53.73134328358209,46.26865671641791
21,79,100,21.0,79.0
19,92,111,17.117117117117118,82.88288288288288
5,16,21,23.809523809523807,76.19047619047619
5,17,22,22.727272727272727,77.27272727272727
14,28,42,33.33333333333333,66.66666666666666
19,25,44,43.18181818181818,56.81818181818182
4,11,15,26.666666666666668,73.33333333333333
8,32,40,20.0,80.0
9,31,40,22.5,77.5
10,38,48,20.833333333333336,79.16666666666666
51,35,86,59.30232558139535,40.69767441860465
1,7,8,12.5,87.5
5,11,16,31.25,68.75
9,42,51,17.647058823529413,82.35294117647058
52,66,118,44.06779661016949,55.932203389830505
35,66,101,34.65346534653465,65.34653465346535
4,11,15,26.666666666666668,73.33333333333333
64,62,126,50.79365079365079,49.2063492063492
4,7,11,36.36363636363637,63.63636363636363
14,18,32,43.75,56.25
4,25,29,13.793103448275861,86.20689655172413
28,95,123,22.76422764227642,77.23577235772358
11,45,56,19.642857142857142,80.35714285714286
63,43,106,59.43396226415094,40.56603773584906
3,8,11,27.27272727272727,72.72727272727273
8,23,31,25.806451612903224,74.19354838709677
10,5,15,66.66666666666666,33.33333333333333
10,11,21,47.61904761904761,52.38095238095239
4,17,21,19.047619047619047,80.95238095238095
15,37,52,28.846153846153843,71.15384615384616
47,65,112,41.964285714285715,58.03571428571429
1,20,21,4.761904761904762,95.23809523809523
3,20,23,13.043478260869565,86.95652173913044
1,13,14,7.142857142857142,92.85714285714286
3,13,16,18.75,81.25
6,25,31,19.35483870967742,80.64516129032258
20,18,38,52.63157894736842,47.368421052631575
4,10,14,28.57142857142857,71.42857142857143
13,62,75,17.333333333333336,82.66666666666667
25,65,90,27.77777777777778,72.22222222222221
2,19,21,9.523809523809524,90.47619047619048
5,26,31,16.129032258064516,83.87096774193549
10,40,50,20.0,80.0
8,33,41,19.51219512195122,80.48780487804879
1,12,13,7.6923076923076925,92.3076923076923
12,39,51,23.52941176470588,76.47058823529412
5,31,36,13.88888888888889,86.11111111111111
34,45,79,43.037974683544306,56.9620253164557
13,31,44,29.545454545454547,70.45454545454545
3,9,12,25.0,75.0
9,77,86,10.465116279069768,89.53488372093024
19,37,56,33.92857142857143,66.07142857142857
4,15,19,21.052631578947366,78.94736842105263
54,123,177,30.508474576271187,69.49152542372882
3,5,8,37.5,62.5
36,24,60,60.0,40.0
3,11,14,21.428571428571427,78.57142857142857
6,24,30,20.0,80.0
84,88,172,48.837209302325576,51.162790697674424
59,108,167,35.32934131736527,64.67065868263472
12,24,36,33.33333333333333,66.66666666666666
4,13,17,23.52941176470588,76.47058823529412
45,51,96,46.875,53.125
3,15,18,16.666666666666664,83.33333333333334
3,33,36,8.333333333333332,91.66666666666666
36,36,72,50.0,50.0
1,20,21,4.761904761904762,95.23809523809523
5,28,33,15.151515151515152,84.84848484848484
2,20,22,9.090909090909092,90.9090909090909
12,29,41,29.268292682926827,70.73170731707317
14,72,86,16.27906976744186,83.72093023255815
15,48,63,23.809523809523807,76.19047619047619
14,69,83,16.867469879518072,83.13253012048193
7,32,39,17.94871794871795,82.05128205128204
23,71,94,24.46808510638298,75.53191489361703
7,33,40,17.5,82.5
4,4,8,50.0,50.0
3,40,43,6.976744186046512,93.02325581395348
3,9,12,25.0,75.0
5,34,39,12.82051282051282,87.17948717948718
5,7,12,41.66666666666667,58.333333333333336
5,13,18,27.77777777777778,72.22222222222221
54,74,128,42.1875,57.8125
26,159,185,14.054054054054054,85.94594594594595
19,19,38,50.0,50.0
7,10,17,41.17647058823529,58.82352941176471
4,13,17,23.52941176470588,76.47058823529412
12,14,26,46.15384615384615,53.84615384615385
19,59,78,24.358974358974358,75.64102564102564
17,87,104,16.346153846153847,83.65384615384616
4,23,27,14.814814814814813,85.18518518518519
11,6,17,64.70588235294117,35.294117647058826
5,12,17,29.411764705882355,70.58823529411765
16,67,83,19.27710843373494,80.72289156626506
2,13,15,13.333333333333334,86.66666666666667
14,26,40,35.0,65.0
8,14,22,36.36363636363637,63.63636363636363
31,39,70,44.285714285714285,55.714285714285715
43,27,70,61.42857142857143,38.57142857142858
14,68,82,17.073170731707318,82.92682926829268
4,15,19,21.052631578947366,78.94736842105263
4,70,74,5.405405405405405,94.5945945945946
24,77,101,23.762376237623762,76.23762376237624
3,17,20,15.0,85.0
5,7,12,41.66666666666667,58.333333333333336
3,11,14,21.428571428571427,78.57142857142857
4,16,20,20.0,80.0
44,58,102,43.13725490196079,56.86274509803921
3,17,20,15.0,85.0
5,20,25,20.0,80.0
7,11,18,38.88888888888889,61.111111111111114
6,7,13,46.15384615384615,53.84615384615385
11,9,20,55.00000000000001,45.0
7,40,47,14.893617021276595,85.1063829787234
8,16,24,33.33333333333333,66.66666666666666
26,33,59,44.06779661016949,55.932203389830505
3,6,9,33.33333333333333,66.66666666666666
30,54,84,35.714285714285715,64.28571428571429
33,119,152,21.710526315789476,78.28947368421053
4,8,12,33.33333333333333,66.66666666666666
24,111,135,17.77777777777778,82.22222222222221
16,59,75,21.333333333333336,78.66666666666666
14,19,33,42.42424242424242,57.57575757575758
2,22,24,8.333333333333332,91.66666666666666
29,68,97,29.896907216494846,70.10309278350515
10,52,62,16.129032258064516,83.87096774193549
7,7,14,50.0,50.0
10,46,56,17.857142857142858,82.14285714285714
8,25,33,24.242424242424242,75.75757575757575
34,109,143,23.776223776223777,76.22377622377621
6,6,12,50.0,50.0
2,21,23,8.695652173913043,91.30434782608695
9,9,18,50.0,50.0
47,41,88,53.40909090909091,46.590909090909086
16,48,64,25.0,75.0
59,65,124,47.58064516129033,52.41935483870967
5,11,16,31.25,68.75
4,10,14,28.57142857142857,71.42857142857143
21,12,33,63.63636363636363,36.36363636363637
1,10,11,9.090909090909092,90.9090909090909
5,27,32,15.625,84.375
24,73,97,24.742268041237114,75.25773195876289
8,30,38,21.052631578947366,78.94736842105263
9,68,77,11.688311688311687,88.31168831168831
11,72,83,13.253012048192772,86.74698795180723
1,5,6,16.666666666666664,83.33333333333334
4,23,27,14.814814814814813,85.18518518518519
5,27,32,15.625,84.375
12,18,30,40.0,60.0
6,70,76,7.894736842105263,92.10526315789474
4,18,22,18.181818181818183,81.81818181818183
7,19,26,26.923076923076923,73.07692307692307
13,9,22,59.09090909090909,40.909090909090914
5,5,10,50.0,50.0
7,28,35,20.0,80.0
10,42,52,19.230769230769234,80.76923076923077
11,14,25,44.0,56.00000000000001
9,13,22,40.909090909090914,59.09090909090909
14,49,63,22.22222222222222,77.77777777777779
21,72,93,22.58064516129032,77.41935483870968
20,12,32,62.5,37.5
9,43,52,17.307692307692307,82.6923076923077
7,9,16,43.75,56.25
73,49,122,59.83606557377049,40.16393442622951
15,22,37,40.54054054054054,59.45945945945946
18,20,38,47.368421052631575,52.63157894736842
3,30,33,9.090909090909092,90.9090909090909
4,3,7,57.14285714285714,42.857142857142854
4,17,21,19.047619047619047,80.95238095238095
7,13,20,35.0,65.0
49,34,83,59.036144578313255,40.963855421686745
2,13,15,13.333333333333334,86.66666666666667
39,32,71,54.929577464788736,45.07042253521127
53,97,150,35.333333333333336,64.66666666666666
13,27,40,32.5,67.5
38,81,119,31.932773109243694,68.0672268907563
30,123,153,19.607843137254903,80.3921568627451
6,16,22,27.27272727272727,72.72727272727273
4,11,15,26.666666666666668,73.33333333333333
9,31,40,22.5,77.5
5,18,23,21.73913043478261,78.26086956521739
4,10,14,28.57142857142857,71.42857142857143
10,21,31,32.25806451612903,67.74193548387096
4,10,14,28.57142857142857,71.42857142857143
4,15,19,21.052631578947366,78.94736842105263
2,9,11,18.181818181818183,81.81818181818183
5,12,17,29.411764705882355,70.58823529411765
3,3,6,50.0,50.0
44,43,87,50.57471264367817,49.42528735632184
7,34,41,17.073170731707318,82.92682926829268
4,4,8,50.0,50.0
2,11,13,15.384615384615385,84.61538461538461
16,76,92,17.391304347826086,82.6086956521739
13,15,28,46.42857142857143,53.57142857142857
8,9,17,47.05882352941176,52.94117647058824
12,56,68,17.647058823529413,82.35294117647058
16,58,74,21.62162162162162,78.37837837837837
10,36,46,21.73913043478261,78.26086956521739
1,6,7,14.285714285714285,85.71428571428571
7,7,14,50.0,50.0
10,11,21,47.61904761904761,52.38095238095239
7,13,20,35.0,65.0
0,19,19,0.0,100.0
2,17,19,10.526315789473683,89.47368421052632
16,89,105,15.238095238095239,84.76190476190476
3,21,24,12.5,87.5
3,3,6,50.0,50.0
1,6,7,14.285714285714285,85.71428571428571
10,13,23,43.47826086956522,56.52173913043478
7,50,57,12.280701754385964,87.71929824561403
3,18,21,14.285714285714285,85.71428571428571
65,58,123,52.84552845528455,47.15447154471545
2,12,14,14.285714285714285,85.71428571428571
8,20,28,28.57142857142857,71.42857142857143
4,31,35,11.428571428571429,88.57142857142857
4,16,20,20.0,80.0
49,67,116,42.241379310344826,57.758620689655174
28,37,65,43.07692307692308,56.92307692307692
11,17,28,39.285714285714285,60.71428571428571
6,23,29,20.689655172413794,79.3103448275862
14,13,27,51.85185185185185,48.148148148148145
2,8,10,20.0,80.0
5,24,29,17.24137931034483,82.75862068965517
38,58,96,39.58333333333333,60.416666666666664
7,1,8,87.5,12.5
11,20,31,35.483870967741936,64.51612903225806
19,19,38,50.0,50.0
35,58,93,37.634408602150536,62.365591397849464
12,9,21,57.14285714285714,42.857142857142854
4,8,12,33.33333333333333,66.66666666666666
19,14,33,57.57575757575758,42.42424242424242
4,12,16,25.0,75.0
4,20,24,16.666666666666664,83.33333333333334
19,25,44,43.18181818181818,56.81818181818182
51,129,180,28.333333333333332,71.66666666666667
8,16,24,33.33333333333333,66.66666666666666
2,24,26,7.6923076923076925,92.3076923076923
28,114,142,19.718309859154928,80.28169014084507
5,33,38,13.157894736842104,86.8421052631579
4,31,35,11.428571428571429,88.57142857142857
4,17,21,19.047619047619047,80.95238095238095
33,49,82,40.243902439024396,59.756097560975604
16,25,41,39.02439024390244,60.97560975609756
6,33,39,15.384615384615385,84.61538461538461
28,70,98,28.57142857142857,71.42857142857143
28,125,153,18.30065359477124,81.69934640522875
12,9,21,57.14285714285714,42.857142857142854
46,79,125,36.8,63.2
11,41,52,21.153846153846153,78.84615384615384
4,16,20,20.0,80.0
14,32,46,30.434782608695656,69.56521739130434
31,29,60,51.66666666666667,48.333333333333336
3,3,6,50.0,50.0
32,161,193,16.580310880829018,83.41968911917098
5,18,23,21.73913043478261,78.26086956521739
28,76,104,26.923076923076923,73.07692307692307
9,24,33,27.27272727272727,72.72727272727273
18,56,74,24.324324324324326,75.67567567567568
3,59,62,4.838709677419355,95.16129032258065
1,29,30,3.3333333333333335,96.66666666666667
44,48,92,47.82608695652174,52.17391304347826
17,40,57,29.82456140350877,70.17543859649122
24,71,95,25.263157894736842,74.73684210526315
2,21,23,8.695652173913043,91.30434782608695
60,167,227,26.431718061674008,73.568281938326
14,38,52,26.923076923076923,73.07692307692307
5,20,25,20.0,80.0
39,99,138,28.26086956521739,71.73913043478261
23,38,61,37.704918032786885,62.295081967213115
4,7,11,36.36363636363637,63.63636363636363
8,11,19,42.10526315789473,57.89473684210527
23,17,40,57.49999999999999,42.5
13,39,52,25.0,75.0
13,39,52,25.0,75.0
79,72,151,52.317880794701985,47.682119205298015
69,55,124,55.64516129032258,44.354838709677416
57,40,97,58.76288659793815,41.23711340206185
4,9,13,30.76923076923077,69.23076923076923
21,76,97,21.649484536082475,78.35051546391753
32,61,93,34.40860215053764,65.59139784946237
32,79,111,28.82882882882883,71.17117117117117
2,15,17,11.76470588235294,88.23529411764706
1,7,8,12.5,87.5
5,13,18,27.77777777777778,72.22222222222221
14,27,41,34.146341463414636,65.85365853658537
3,8,11,27.27272727272727,72.72727272727273
25,105,130,19.230769230769234,80.76923076923077
9,21,30,30.0,70.0
8,5,13,61.53846153846154,38.46153846153847
21,60,81,25.925925925925924,74.07407407407408
21,85,106,19.81132075471698,80.18867924528303
32,81,113,28.31858407079646,71.68141592920354
24,82,106,22.641509433962266,77.35849056603774
15,18,33,45.45454545454545,54.54545454545454
8,8,16,50.0,50.0
50,100,150,33.33333333333333,66.66666666666666
17,42,59,28.8135593220339,71.1864406779661
7,10,17,41.17647058823529,58.82352941176471
23,26,49,46.93877551020408,53.06122448979592
21,29,50,42.0,57.99999999999999
15,7,22,68.18181818181817,31.818181818181817
2,18,20,10.0,90.0
66,45,111,59.45945945945946,40.54054054054054
5,11,16,31.25,68.75
8,15,23,34.78260869565217,65.21739130434783
5,9,14,35.714285714285715,64.28571428571429
12,11,23,52.17391304347826,47.82608695652174
6,22,28,21.428571428571427,78.57142857142857
6,26,32,18.75,81.25
21,72,93,22.58064516129032,77.41935483870968
2,15,17,11.76470588235294,88.23529411764706
3,13,16,18.75,81.25
23,81,104,22.115384615384613,77.88461538461539
1,18,19,5.263157894736842,94.73684210526315
8,16,24,33.33333333333333,66.66666666666666
7,12,19,36.84210526315789,63.1578947368421
8,6,14,57.14285714285714,42.857142857142854
4,7,11,36.36363636363637,63.63636363636363
4,30,34,11.76470588235294,88.23529411764706
1,18,19,5.263157894736842,94.73684210526315
4,16,20,20.0,80.0
12,31,43,27.906976744186046,72.09302325581395
11,17,28,39.285714285714285,60.71428571428571
10,5,15,66.66666666666666,33.33333333333333
18,36,54,33.33333333333333,66.66666666666666
5,1,6,83.33333333333334,16.666666666666664
5,16,21,23.809523809523807,76.19047619047619
29,47,76,38.15789473684211,61.8421052631579
47,62,109,43.11926605504588,56.88073394495413
3,25,28,10.714285714285714,89.28571428571429
34,40,74,45.94594594594595,54.054054054054056
10,7,17,58.82352941176471,41.17647058823529
2,17,19,10.526315789473683,89.47368421052632
7,8,15,46.666666666666664,53.333333333333336
2,8,10,20.0,80.0
11,28,39,28.205128205128204,71.7948717948718
6,18,24,25.0,75.0
49,41,90,54.44444444444444,45.55555555555556
9,40,49,18.367346938775512,81.63265306122449
2,7,9,22.22222222222222,77.77777777777779
73,64,137,53.284671532846716,46.715328467153284
7,6,13,53.84615384615385,46.15384615384615
7,21,28,25.0,75.0
4,16,20,20.0,80.0
1,7,8,12.5,87.5
9,18,27,33.33333333333333,66.66666666666666
19,55,74,25.675675675675674,74.32432432432432
6,6,12,50.0,50.0
21,84,105,20.0,80.0
55,34,89,61.79775280898876,38.20224719101123
12,17,29,41.37931034482759,58.620689655172406
5,10,15,33.33333333333333,66.66666666666666
13,15,28,46.42857142857143,53.57142857142857
6,5,11,54.54545454545454,45.45454545454545
15,22,37,40.54054054054054,59.45945945945946
43,55,98,43.87755102040816,56.12244897959183
6,10,16,37.5,62.5
8,8,16,50.0,50.0
7,11,18,38.88888888888889,61.111111111111114
28,27,55,50.90909090909091,49.09090909090909
2,5,7,28.57142857142857,71.42857142857143
25,76,101,24.752475247524753,75.24752475247524
9,34,43,20.930232558139537,79.06976744186046
9,20,29,31.03448275862069,68.96551724137932
2,4,6,33.33333333333333,66.66666666666666
6,20,26,23.076923076923077,76.92307692307693
3,16,19,15.789473684210526,84.21052631578947
24,12,36,66.66666666666666,33.33333333333333
3,24,27,11.11111111111111,88.88888888888889
2,29,31,6.451612903225806,93.54838709677419
1,23,24,4.166666666666666,95.83333333333334
76,48,124,61.29032258064516,38.70967741935484
41,67,108,37.96296296296296,62.03703703703704
33,111,144,22.916666666666664,77.08333333333334
31,72,103,30.097087378640776,69.90291262135922
11,33,44,25.0,75.0
2,15,17,11.76470588235294,88.23529411764706
3,11,14,21.428571428571427,78.57142857142857
19,31,50,38.0,62.0
14,8,22,63.63636363636363,36.36363636363637
4,14,18,22.22222222222222,77.77777777777779
7,11,18,38.88888888888889,61.111111111111114
33,21,54,61.111111111111114,38.88888888888889
18,121,139,12.949640287769784,87.05035971223022
7,13,20,35.0,65.0
3,5,8,37.5,62.5
1,12,13,7.6923076923076925,92.3076923076923
3,2,5,60.0,40.0
2,5,7,28.57142857142857,71.42857142857143
28,54,82,34.146341463414636,65.85365853658537
1,7,8,12.5,87.5
2,23,25,8.0,92.0
111,74,185,60.0,40.0
20,182,202,9.900990099009901,90.0990099009901
14,73,87,16.091954022988507,83.9080459770115
0,14,14,0.0,100.0
5,15,20,25.0,75.0
4,4,8,50.0,50.0
5,42,47,10.638297872340425,89.36170212765957
2,16,18,11.11111111111111,88.88888888888889
20,89,109,18.34862385321101,81.65137614678899
8,4,12,66.66666666666666,33.33333333333333
38,83,121,31.40495867768595,68.59504132231406
7,13,20,35.0,65.0
2,11,13,15.384615384615385,84.61538461538461
3,8,11,27.27272727272727,72.72727272727273
6,4,10,60.0,40.0
14,48,62,22.58064516129032,77.41935483870968
2,6,8,25.0,75.0
10,10,20,50.0,50.0
2,4,6,33.33333333333333,66.66666666666666
35,48,83,42.168674698795186,57.831325301204814
23,12,35,65.71428571428571,34.285714285714285
5,17,22,22.727272727272727,77.27272727272727
3,16,19,15.789473684210526,84.21052631578947
9,18,27,33.33333333333333,66.66666666666666
12,8,20,60.0,40.0
1,22,23,4.3478260869565215,95.65217391304348
47,25,72,65.27777777777779,34.72222222222222
10,14,24,41.66666666666667,58.333333333333336
11,19,30,36.666666666666664,63.33333333333333
1,5,6,16.666666666666664,83.33333333333334
13,45,58,22.413793103448278,77.58620689655173
12,14,26,46.15384615384615,53.84615384615385
1,16,17,5.88235294117647,94.11764705882352
28,68,96,29.166666666666668,70.83333333333334
3,11,14,21.428571428571427,78.57142857142857
7,10,17,41.17647058823529,58.82352941176471
54,46,100,54.0,46.0
1,40,41,2.4390243902439024,97.5609756097561
3,7,10,30.0,70.0
14,19,33,42.42424242424242,57.57575757575758
8,15,23,34.78260869565217,65.21739130434783
11,46,57,19.298245614035086,80.7017543859649
10,57,67,14.925373134328357,85.07462686567165
14,52,66,21.21212121212121,78.78787878787878
9,13,22,40.909090909090914,59.09090909090909
50,95,145,34.48275862068966,65.51724137931035
47,24,71,66.19718309859155,33.80281690140845
6,44,50,12.0,88.0
71,76,147,48.29931972789115,51.70068027210885
53,130,183,28.96174863387978,71.03825136612022
46,53,99,46.464646464646464,53.535353535353536
40,55,95,42.10526315789473,57.89473684210527
2,4,6,33.33333333333333,66.66666666666666
13,16,29,44.827586206896555,55.172413793103445
46,83,129,35.65891472868217,64.34108527131784
3,3,6,50.0,50.0
7,9,16,43.75,56.25
20,43,63,31.746031746031743,68.25396825396825
1,10,11,9.090909090909092,90.9090909090909
6,3,9,66.66666666666666,33.33333333333333
5,13,18,27.77777777777778,72.22222222222221
18,76,94,19.148936170212767,80.85106382978722
21,49,70,30.0,70.0
1,8,9,11.11111111111111,88.88888888888889
13,58,71,18.30985915492958,81.69014084507043
32,22,54,59.25925925925925,40.74074074074074
20,38,58,34.48275862068966,65.51724137931035
19,53,72,26.38888888888889,73.61111111111111
31,42,73,42.465753424657535,57.534246575342465
7,5,12,58.333333333333336,41.66666666666667
4,38,42,9.523809523809524,90.47619047619048
5,15,20,25.0,75.0
6,49,55,10.909090909090908,89.0909090909091
14,72,86,16.27906976744186,83.72093023255815
6,2,8,75.0,25.0
13,41,54,24.074074074074073,75.92592592592592
4,36,40,10.0,90.0
4,27,31,12.903225806451612,87.09677419354838
21,142,163,12.883435582822086,87.11656441717791
7,19,26,26.923076923076923,73.07692307692307
5,35,40,12.5,87.5
1,7,8,12.5,87.5
4,11,15,26.666666666666668,73.33333333333333
5,13,18,27.77777777777778,72.22222222222221
36,178,214,16.822429906542055,83.17757009345794
8,5,13,61.53846153846154,38.46153846153847
4,7,11,36.36363636363637,63.63636363636363
4,65,69,5.797101449275362,94.20289855072464
0,7,7,0.0,100.0
0,10,10,0.0,100.0
5,40,45,11.11111111111111,88.88888888888889
1,5,6,16.666666666666664,83.33333333333334
13,12,25,52.0,48.0
4,20,24,16.666666666666664,83.33333333333334
11,18,29,37.93103448275862,62.06896551724138
11,46,57,19.298245614035086,80.7017543859649
18,79,97,18.556701030927837,81.44329896907216
19,116,135,14.074074074074074,85.92592592592592
45,161,206,21.844660194174757,78.15533980582524
59,59,118,50.0,50.0
43,95,138,31.15942028985507,68.84057971014492
7,8,15,46.666666666666664,53.333333333333336
17,39,56,30.357142857142854,69.64285714285714
15,31,46,32.608695652173914,67.3913043478261
5,26,31,16.129032258064516,83.87096774193549
0,8,8,0.0,100.0
42,35,77,54.54545454545454,45.45454545454545
23,88,111,20.72072072072072,79.27927927927928
11,11,22,50.0,50.0
33,114,147,22.448979591836736,77.55102040816327
9,37,46,19.565217391304348,80.43478260869566
38,97,135,28.14814814814815,71.85185185185186
26,31,57,45.614035087719294,54.385964912280706
0,8,8,0.0,100.0
5,22,27,18.51851851851852,81.48148148148148
3,7,10,30.0,70.0
33,53,86,38.372093023255815,61.627906976744185
4,13,17,23.52941176470588,76.47058823529412
3,4,7,42.857142857142854,57.14285714285714
14,93,107,13.084112149532709,86.91588785046729
20,10,30,66.66666666666666,33.33333333333333
3,8,11,27.27272727272727,72.72727272727273
30,29,59,50.847457627118644,49.152542372881356
3,19,22,13.636363636363635,86.36363636363636
5,19,24,20.833333333333336,79.16666666666666
3,10,13,23.076923076923077,76.92307692307693
53,51,104,50.96153846153846,49.03846153846153
3,8,11,27.27272727272727,72.72727272727273
9,15,24,37.5,62.5
3,16,19,15.789473684210526,84.21052631578947
3,10,13,23.076923076923077,76.92307692307693
9,10,19,47.368421052631575,52.63157894736842
1,5,6,16.666666666666664,83.33333333333334
6,31,37,16.216216216216218,83.78378378378379
10,28,38,26.31578947368421,73.68421052631578
6,7,13,46.15384615384615,53.84615384615385
40,35,75,53.333333333333336,46.666666666666664
2,18,20,10.0,90.0
7,3,10,70.0,30.0
1,8,9,11.11111111111111,88.88888888888889
6,11,17,35.294117647058826,64.70588235294117
29,27,56,51.78571428571429,48.214285714285715
9,55,64,14.0625,85.9375
5,16,21,23.809523809523807,76.19047619047619
3,15,18,16.666666666666664,83.33333333333334
6,27,33,18.181818181818183,81.81818181818183
7,10,17,41.17647058823529,58.82352941176471
1,8,9,11.11111111111111,88.88888888888889
7,18,25,28.000000000000004,72.0
12,26,38,31.57894736842105,68.42105263157895
9,17,26,34.61538461538461,65.38461538461539
1,18,19,5.263157894736842,94.73684210526315
14,31,45,31.11111111111111,68.88888888888889
43,55,98,43.87755102040816,56.12244897959183
4,11,15,26.666666666666668,73.33333333333333
9,15,24,37.5,62.5
1,9,10,10.0,90.0
33,64,97,34.02061855670103,65.97938144329896
62,45,107,57.943925233644855,42.05607476635514
92,104,196,46.93877551020408,53.06122448979592
14,29,43,32.55813953488372,67.44186046511628
52,120,172,30.23255813953488,69.76744186046511
33,25,58,56.896551724137936,43.103448275862064
69,116,185,37.2972972972973,62.70270270270271
57,141,198,28.78787878787879,71.21212121212122
48,104,152,31.57894736842105,68.42105263157895
68,88,156,43.58974358974359,56.41025641025641
68,97,165,41.21212121212121,58.78787878787879
35,39,74,47.2972972972973,52.702702702702695
52,135,187,27.807486631016044,72.19251336898395
70,194,264,26.515151515151516,73.48484848484848
8,13,21,38.095238095238095,61.904761904761905
13,31,44,29.545454545454547,70.45454545454545
3,9,12,25.0,75.0
10,33,43,23.25581395348837,76.74418604651163
5,27,32,15.625,84.375
19,18,37,51.35135135135135,48.64864864864865
4,9,13,30.76923076923077,69.23076923076923
2,9,11,18.181818181818183,81.81818181818183
16,51,67,23.88059701492537,76.11940298507463
6,18,24,25.0,75.0
4,10,14,28.57142857142857,71.42857142857143
1,14,15,6.666666666666667,93.33333333333333
5,13,18,27.77777777777778,72.22222222222221
18,26,44,40.909090909090914,59.09090909090909
11,18,29,37.93103448275862,62.06896551724138
7,43,50,14.000000000000002,86.0
26,34,60,43.333333333333336,56.666666666666664
19,41,60,31.666666666666664,68.33333333333333
19,25,44,43.18181818181818,56.81818181818182
13,40,53,24.528301886792452,75.47169811320755
0,4,4,0.0,100.0
5,29,34,14.705882352941178,85.29411764705883
6,83,89,6.741573033707865,93.25842696629213
9,21,30,30.0,70.0
0,13,13,0.0,100.0
3,6,9,33.33333333333333,66.66666666666666
17,59,76,22.36842105263158,77.63157894736842
8,29,37,21.62162162162162,78.37837837837837
25,32,57,43.859649122807014,56.14035087719298
3,16,19,15.789473684210526,84.21052631578947
6,51,57,10.526315789473683,89.47368421052632
12,6,18,66.66666666666666,33.33333333333333
18,47,65,27.692307692307693,72.3076923076923
3,20,23,13.043478260869565,86.95652173913044
13,42,55,23.636363636363637,76.36363636363637
12,12,24,50.0,50.0
1,6,7,14.285714285714285,85.71428571428571
5,46,51,9.803921568627452,90.19607843137256
21,25,46,45.65217391304348,54.347826086956516
46,30,76,60.526315789473685,39.473684210526315
1,6,7,14.285714285714285,85.71428571428571
35,105,140,25.0,75.0
1,15,16,6.25,93.75
15,39,54,27.77777777777778,72.22222222222221
12,18,30,40.0,60.0
2,18,20,10.0,90.0
8,16,24,33.33333333333333,66.66666666666666
13,14,27,48.148148148148145,51.85185185185185
4,16,20,20.0,80.0
36,55,91,39.56043956043956,60.43956043956044
7,49,56,12.5,87.5
5,16,21,23.809523809523807,76.19047619047619
63,43,106,59.43396226415094,40.56603773584906
2,5,7,28.57142857142857,71.42857142857143
9,84,93,9.67741935483871,90.32258064516128
40,36,76,52.63157894736842,47.368421052631575
8,21,29,27.586206896551722,72.41379310344827
6,71,77,7.792207792207792,92.20779220779221
15,55,70,21.428571428571427,78.57142857142857
9,39,48,18.75,81.25
8,22,30,26.666666666666668,73.33333333333333
15,55,70,21.428571428571427,78.57142857142857
2,14,16,12.5,87.5
3,10,13,23.076923076923077,76.92307692307693
3,12,15,20.0,80.0
8,8,16,50.0,50.0
12,15,27,44.44444444444444,55.55555555555556
10,34,44,22.727272727272727,77.27272727272727
9,15,24,37.5,62.5
7,9,16,43.75,56.25
2,25,27,7.4074074074074066,92.5925925925926
17,37,54,31.48148148148148,68.51851851851852
5,19,24,20.833333333333336,79.16666666666666
5,16,21,23.809523809523807,76.19047619047619
4,14,18,22.22222222222222,77.77777777777779
1,24,25,4.0,96.0
9,10,19,47.368421052631575,52.63157894736842
6,5,11,54.54545454545454,45.45454545454545
7,19,26,26.923076923076923,73.07692307692307
23,41,64,35.9375,64.0625
14,21,35,40.0,60.0
6,27,33,18.181818181818183,81.81818181818183
6,30,36,16.666666666666664,83.33333333333334
7,16,23,30.434782608695656,69.56521739130434
7,17,24,29.166666666666668,70.83333333333334
4,59,63,6.349206349206349,93.65079365079364
18,14,32,56.25,43.75
14,33,47,29.78723404255319,70.2127659574468
4,23,27,14.814814814814813,85.18518518518519
8,26,34,23.52941176470588,76.47058823529412
3,10,13,23.076923076923077,76.92307692307693
7,13,20,35.0,65.0
12,42,54,22.22222222222222,77.77777777777779
5,27,32,15.625,84.375
15,34,49,30.612244897959183,69.38775510204081
7,6,13,53.84615384615385,46.15384615384615
9,20,29,31.03448275862069,68.96551724137932
39,25,64,60.9375,39.0625
13,79,92,14.130434782608695,85.86956521739131
7,14,21,33.33333333333333,66.66666666666666
42,33,75,56.00000000000001,44.0
10,9,19,52.63157894736842,47.368421052631575
3,13,16,18.75,81.25
16,18,34,47.05882352941176,52.94117647058824
11,45,56,19.642857142857142,80.35714285714286
15,40,55,27.27272727272727,72.72727272727273
6,22,28,21.428571428571427,78.57142857142857
10,42,52,19.230769230769234,80.76923076923077
11,44,55,20.0,80.0
13,43,56,23.214285714285715,76.78571428571429
18,45,63,28.57142857142857,71.42857142857143
27,5,32,84.375,15.625
8,15,23,34.78260869565217,65.21739130434783
22,39,61,36.0655737704918,63.934426229508205
13,25,38,34.21052631578947,65.78947368421053
6,28,34,17.647058823529413,82.35294117647058
10,35,45,22.22222222222222,77.77777777777779
13,60,73,17.80821917808219,82.1917808219178
6,19,25,24.0,76.0
13,25,38,34.21052631578947,65.78947368421053
13,38,51,25.49019607843137,74.50980392156863
23,100,123,18.69918699186992,81.30081300813008
15,28,43,34.883720930232556,65.11627906976744
28,41,69,40.57971014492754,59.42028985507246
13,8,21,61.904761904761905,38.095238095238095
3,52,55,5.454545454545454,94.54545454545455
3,34,37,8.108108108108109,91.8918918918919
2,31,33,6.0606060606060606,93.93939393939394
7,30,37,18.91891891891892,81.08108108108108
3,5,8,37.5,62.5
0,3,3,0.0,100.0
5,35,40,12.5,87.5
26,80,106,24.528301886792452,75.47169811320755
3,39,42,7.142857142857142,92.85714285714286
5,9,14,35.714285714285715,64.28571428571429
23,10,33,69.6969696969697,30.303030303030305
15,69,84,17.857142857142858,82.14285714285714
12,46,58,20.689655172413794,79.3103448275862
13,23,36,36.11111111111111,63.888888888888886
6,15,21,28.57142857142857,71.42857142857143
11,16,27,40.74074074074074,59.25925925925925
24,51,75,32.0,68.0
6,30,36,16.666666666666664,83.33333333333334
36,75,111,32.432432432432435,67.56756756756756
14,16,30,46.666666666666664,53.333333333333336
19,86,105,18.095238095238095,81.9047619047619
7,33,40,17.5,82.5
20,89,109,18.34862385321101,81.65137614678899
15,27,42,35.714285714285715,64.28571428571429
7,30,37,18.91891891891892,81.08108108108108
3,14,17,17.647058823529413,82.35294117647058
14,33,47,29.78723404255319,70.2127659574468
14,7,21,66.66666666666666,33.33333333333333
8,74,82,9.75609756097561,90.2439024390244
2,20,22,9.090909090909092,90.9090909090909
13,17,30,43.333333333333336,56.666666666666664
25,41,66,37.878787878787875,62.121212121212125
21,28,49,42.857142857142854,57.14285714285714
6,57,63,9.523809523809524,90.47619047619048
15,13,28,53.57142857142857,46.42857142857143
10,51,61,16.39344262295082,83.60655737704919
2,19,21,9.523809523809524,90.47619047619048
5,21,26,19.230769230769234,80.76923076923077
10,12,22,45.45454545454545,54.54545454545454
11,10,21,52.38095238095239,47.61904761904761
32,44,76,42.10526315789473,57.89473684210527
2,17,19,10.526315789473683,89.47368421052632
10,6,16,62.5,37.5
7,26,33,21.21212121212121,78.78787878787878
15,52,67,22.388059701492537,77.61194029850746
3,15,18,16.666666666666664,83.33333333333334
5,2,7,71.42857142857143,28.57142857142857
4,29,33,12.121212121212121,87.87878787878788
22,79,101,21.782178217821784,78.21782178217822
7,13,20,35.0,65.0
18,63,81,22.22222222222222,77.77777777777779
3,15,18,16.666666666666664,83.33333333333334
32,91,123,26.01626016260163,73.98373983739837
14,27,41,34.146341463414636,65.85365853658537
4,38,42,9.523809523809524,90.47619047619048
7,15,22,31.818181818181817,68.18181818181817
12,24,36,33.33333333333333,66.66666666666666
4,19,23,17.391304347826086,82.6086956521739
20,34,54,37.03703703703704,62.96296296296296
20,32,52,38.46153846153847,61.53846153846154
8,33,41,19.51219512195122,80.48780487804879
7,6,13,53.84615384615385,46.15384615384615
5,39,44,11.363636363636363,88.63636363636364
3,9,12,25.0,75.0
4,17,21,19.047619047619047,80.95238095238095
6,49,55,10.909090909090908,89.0909090909091
10,30,40,25.0,75.0
11,36,47,23.404255319148938,76.59574468085107
28,26,54,51.85185185185185,48.148148148148145
75,87,162,46.2962962962963,53.70370370370371
3,7,10,30.0,70.0
7,22,29,24.137931034482758,75.86206896551724
9,20,29,31.03448275862069,68.96551724137932
6,5,11,54.54545454545454,45.45454545454545
20,18,38,52.63157894736842,47.368421052631575
6,2,8,75.0,25.0
16,19,35,45.714285714285715,54.285714285714285
7,14,21,33.33333333333333,66.66666666666666
33,52,85,38.82352941176471,61.1764705882353
4,13,17,23.52941176470588,76.47058823529412
2,7,9,22.22222222222222,77.77777777777779
22,31,53,41.509433962264154,58.490566037735846
21,34,55,38.18181818181819,61.81818181818181
14,16,30,46.666666666666664,53.333333333333336
9,37,46,19.565217391304348,80.43478260869566
35,102,137,25.547445255474454,74.45255474452554
6,22,28,21.428571428571427,78.57142857142857
1,25,26,3.8461538461538463,96.15384615384616
46,92,138,33.33333333333333,66.66666666666666
3,12,15,20.0,80.0
4,14,18,22.22222222222222,77.77777777777779
6,15,21,28.57142857142857,71.42857142857143
1,17,18,5.555555555555555,94.44444444444444
8,18,26,30.76923076923077,69.23076923076923
4,7,11,36.36363636363637,63.63636363636363
2,15,17,11.76470588235294,88.23529411764706
35,40,75,46.666666666666664,53.333333333333336
4,21,25,16.0,84.0
3,22,25,12.0,88.0
5,13,18,27.77777777777778,72.22222222222221
14,28,42,33.33333333333333,66.66666666666666
13,21,34,38.23529411764706,61.76470588235294
3,9,12,25.0,75.0
10,39,49,20.408163265306122,79.59183673469387
45,67,112,40.17857142857143,59.82142857142857
21,19,40,52.5,47.5
22,84,106,20.754716981132077,79.24528301886792
6,10,16,37.5,62.5
16,10,26,61.53846153846154,38.46153846153847
68,114,182,37.362637362637365,62.637362637362635
7,37,44,15.909090909090908,84.0909090909091
62,153,215,28.837209302325583,71.16279069767441
69,130,199,34.67336683417086,65.32663316582915
0,7,7,0.0,100.0
31,59,90,34.44444444444444,65.55555555555556
16,139,155,10.32258064516129,89.6774193548387
10,5,15,66.66666666666666,33.33333333333333
1,48,49,2.0408163265306123,97.95918367346938
9,29,38,23.684210526315788,76.31578947368422
31,55,86,36.04651162790697,63.95348837209303
6,9,15,40.0,60.0
7,46,53,13.20754716981132,86.79245283018868
59,62,121,48.760330578512395,51.2396694214876
7,32,39,17.94871794871795,82.05128205128204
6,44,50,12.0,88.0
4,24,28,14.285714285714285,85.71428571428571
5,32,37,13.513513513513514,86.48648648648648
3,42,45,6.666666666666667,93.33333333333333
56,83,139,40.28776978417266,59.71223021582733
6,12,18,33.33333333333333,66.66666666666666
3,30,33,9.090909090909092,90.9090909090909
9,42,51,17.647058823529413,82.35294117647058
2,14,16,12.5,87.5
8,22,30,26.666666666666668,73.33333333333333
1,11,12,8.333333333333332,91.66666666666666
73,112,185,39.45945945945946,60.54054054054055
4,43,47,8.51063829787234,91.48936170212765
42,38,80,52.5,47.5
3,14,17,17.647058823529413,82.35294117647058
19,64,83,22.89156626506024,77.10843373493977
2,13,15,13.333333333333334,86.66666666666667
73,49,122,59.83606557377049,40.16393442622951
59,110,169,34.9112426035503,65.08875739644971
8,48,56,14.285714285714285,85.71428571428571
4,19,23,17.391304347826086,82.6086956521739
4,36,40,10.0,90.0
6,32,38,15.789473684210526,84.21052631578947
3,47,50,6.0,94.0
43,81,124,34.67741935483871,65.32258064516128
12,22,34,35.294117647058826,64.70588235294117
24,49,73,32.87671232876712,67.12328767123287
7,16,23,30.434782608695656,69.56521739130434
7,34,41,17.073170731707318,82.92682926829268
7,50,57,12.280701754385964,87.71929824561403
3,45,48,6.25,93.75
4,11,15,26.666666666666668,73.33333333333333
5,31,36,13.88888888888889,86.11111111111111
7,33,40,17.5,82.5
44,67,111,39.63963963963964,60.36036036036037
3,36,39,7.6923076923076925,92.3076923076923
47,41,88,53.40909090909091,46.590909090909086
3,30,33,9.090909090909092,90.9090909090909
9,58,67,13.432835820895523,86.56716417910447
25,31,56,44.642857142857146,55.35714285714286
8,11,19,42.10526315789473,57.89473684210527
2,43,45,4.444444444444445,95.55555555555556
2,28,30,6.666666666666667,93.33333333333333
5,17,22,22.727272727272727,77.27272727272727
92,85,177,51.9774011299435,48.0225988700565
1,30,31,3.225806451612903,96.7741935483871
3,14,17,17.647058823529413,82.35294117647058
13,6,19,68.42105263157895,31.57894736842105
25,29,54,46.2962962962963,53.70370370370371
24,56,80,30.0,70.0
8,18,26,30.76923076923077,69.23076923076923
16,13,29,55.172413793103445,44.827586206896555
8,30,38,21.052631578947366,78.94736842105263
13,67,80,16.25,83.75
2,15,17,11.76470588235294,88.23529411764706
3,15,18,16.666666666666664,83.33333333333334
5,17,22,22.727272727272727,77.27272727272727
5,28,33,15.151515151515152,84.84848484848484
28,116,144,19.444444444444446,80.55555555555556
3,14,17,17.647058823529413,82.35294117647058
3,11,14,21.428571428571427,78.57142857142857
4,22,26,15.384615384615385,84.61538461538461
21,32,53,39.62264150943396,60.37735849056604
9,31,40,22.5,77.5
14,11,25,56.00000000000001,44.0
5,24,29,17.24137931034483,82.75862068965517
2,15,17,11.76470588235294,88.23529411764706
37,46,83,44.57831325301205,55.42168674698795
6,32,38,15.789473684210526,84.21052631578947
6,29,35,17.142857142857142,82.85714285714286
7,43,50,14.000000000000002,86.0
23,38,61,37.704918032786885,62.295081967213115
43,65,108,39.81481481481482,60.18518518518518
2,27,29,6.896551724137931,93.10344827586206
10,14,24,41.66666666666667,58.333333333333336
2,29,31,6.451612903225806,93.54838709677419
5,50,55,9.090909090909092,90.9090909090909
4,31,35,11.428571428571429,88.57142857142857
4,9,13,30.76923076923077,69.23076923076923
13,20,33,39.39393939393939,60.60606060606061
4,10,14,28.57142857142857,71.42857142857143
82,100,182,45.05494505494506,54.94505494505495
45,91,136,33.088235294117645,66.91176470588235
5,64,69,7.246376811594203,92.7536231884058
2,15,17,11.76470588235294,88.23529411764706
7,19,26,26.923076923076923,73.07692307692307
6,36,42,14.285714285714285,85.71428571428571
17,50,67,25.37313432835821,74.6268656716418
45,56,101,44.554455445544555,55.44554455445545
3,25,28,10.714285714285714,89.28571428571429
6,35,41,14.634146341463413,85.36585365853658
5,17,22,22.727272727272727,77.27272727272727
53,201,254,20.866141732283463,79.13385826771653
18,63,81,22.22222222222222,77.77777777777779
93,115,208,44.71153846153847,55.28846153846154
22,111,133,16.541353383458645,83.45864661654136
10,41,51,19.607843137254903,80.3921568627451
4,34,38,10.526315789473683,89.47368421052632
3,23,26,11.538461538461538,88.46153846153845
4,54,58,6.896551724137931,93.10344827586206
6,12,18,33.33333333333333,66.66666666666666
5,13,18,27.77777777777778,72.22222222222221
13,7,20,65.0,35.0
6,19,25,24.0,76.0
4,30,34,11.76470588235294,88.23529411764706
7,15,22,31.818181818181817,68.18181818181817
9,12,21,42.857142857142854,57.14285714285714
6,39,45,13.333333333333334,86.66666666666667
9,58,67,13.432835820895523,86.56716417910447
5,31,36,13.88888888888889,86.11111111111111
5,10,15,33.33333333333333,66.66666666666666
22,116,138,15.942028985507244,84.05797101449275
5,11,16,31.25,68.75
2,22,24,8.333333333333332,91.66666666666666
5,31,36,13.88888888888889,86.11111111111111
2,11,13,15.384615384615385,84.61538461538461
6,11,17,35.294117647058826,64.70588235294117
6,38,44,13.636363636363635,86.36363636363636
4,34,38,10.526315789473683,89.47368421052632
3,19,22,13.636363636363635,86.36363636363636
7,51,58,12.068965517241379,87.93103448275862
11,42,53,20.754716981132077,79.24528301886792
4,22,26,15.384615384615385,84.61538461538461
3,11,14,21.428571428571427,78.57142857142857
7,33,40,17.5,82.5
4,15,19,21.052631578947366,78.94736842105263
7,23,30,23.333333333333332,76.66666666666667
3,24,27,11.11111111111111,88.88888888888889
4,17,21,19.047619047619047,80.95238095238095
12,64,76,15.789473684210526,84.21052631578947
11,43,54,20.37037037037037,79.62962962962963
3,15,18,16.666666666666664,83.33333333333334
11,47,58,18.96551724137931,81.03448275862068
3,25,28,10.714285714285714,89.28571428571429
2,22,24,8.333333333333332,91.66666666666666
6,16,22,27.27272727272727,72.72727272727273
0,21,21,0.0,100.0
6,16,22,27.27272727272727,72.72727272727273
7,53,60,11.666666666666666,88.33333333333333
8,24,32,25.0,75.0
4,17,21,19.047619047619047,80.95238095238095
6,18,24,25.0,75.0
5,13,18,27.77777777777778,72.22222222222221
1,19,20,5.0,95.0
4,16,20,20.0,80.0
2,16,18,11.11111111111111,88.88888888888889
5,16,21,23.809523809523807,76.19047619047619
5,17,22,22.727272727272727,77.27272727272727
11,30,41,26.82926829268293,73.17073170731707
6,26,32,18.75,81.25
4,44,48,8.333333333333332,91.66666666666666
17,84,101,16.831683168316832,83.16831683168317
6,33,39,15.384615384615385,84.61538461538461
5,32,37,13.513513513513514,86.48648648648648
4,18,22,18.181818181818183,81.81818181818183
4,19,23,17.391304347826086,82.6086956521739
4,16,20,20.0,80.0
2,19,21,9.523809523809524,90.47619047619048
3,19,22,13.636363636363635,86.36363636363636
3,17,20,15.0,85.0
5,16,21,23.809523809523807,76.19047619047619
4,37,41,9.75609756097561,90.2439024390244
5,27,32,15.625,84.375
5,33,38,13.157894736842104,86.8421052631579
2,24,26,7.6923076923076925,92.3076923076923
8,59,67,11.940298507462686,88.05970149253731
4,18,22,18.181818181818183,81.81818181818183
2,25,27,7.4074074074074066,92.5925925925926
1,19,20,5.0,95.0
4,20,24,16.666666666666664,83.33333333333334
5,13,18,27.77777777777778,72.22222222222221
0,12,12,0.0,100.0
4,35,39,10.256410256410255,89.74358974358975
14,31,45,31.11111111111111,68.88888888888889
1,22,23,4.3478260869565215,95.65217391304348
5,41,46,10.869565217391305,89.13043478260869
8,14,22,36.36363636363637,63.63636363636363
2,24,26,7.6923076923076925,92.3076923076923
0,17,17,0.0,100.0
8,24,32,25.0,75.0
4,17,21,19.047619047619047,80.95238095238095
3,39,42,7.142857142857142,92.85714285714286
0,9,9,0.0,100.0
3,23,26,11.538461538461538,88.46153846153845
2,22,24,8.333333333333332,91.66666666666666
2,21,23,8.695652173913043,91.30434782608695
5,11,16,31.25,68.75
12,30,42,28.57142857142857,71.42857142857143
3,10,13,23.076923076923077,76.92307692307693
3,23,26,11.538461538461538,88.46153846153845
4,29,33,12.121212121212121,87.87878787878788
4,35,39,10.256410256410255,89.74358974358975
5,19,24,20.833333333333336,79.16666666666666
44,68,112,39.285714285714285,60.71428571428571
79,77,156,50.641025641025635,49.358974358974365
35,115,150,23.333333333333332,76.66666666666667
57,91,148,38.513513513513516,61.48648648648649
26,23,49,53.06122448979592,46.93877551020408
21,108,129,16.27906976744186,83.72093023255815
5,26,31,16.129032258064516,83.87096774193549
6,29,35,17.142857142857142,82.85714285714286
48,38,86,55.81395348837209,44.18604651162791
88,140,228,38.59649122807017,61.40350877192983
42,139,181,23.204419889502763,76.79558011049724
34,32,66,51.515151515151516,48.484848484848484
90,78,168,53.57142857142857,46.42857142857143
85,121,206,41.262135922330096,58.7378640776699
33,126,159,20.754716981132077,79.24528301886792
44,170,214,20.5607476635514,79.43925233644859
40,54,94,42.5531914893617,57.446808510638306
38,50,88,43.18181818181818,56.81818181818182
80,141,221,36.199095022624434,63.80090497737556
1,13,14,7.142857142857142,92.85714285714286
6,33,39,15.384615384615385,84.61538461538461
0,4,4,0.0,100.0
5,52,57,8.771929824561402,91.22807017543859
3,19,22,13.636363636363635,86.36363636363636
5,34,39,12.82051282051282,87.17948717948718
6,12,18,33.33333333333333,66.66666666666666
2,35,37,5.405405405405405,94.5945945945946
3,35,38,7.894736842105263,92.10526315789474
4,13,17,23.52941176470588,76.47058823529412
4,24,28,14.285714285714285,85.71428571428571
1,35,36,2.7777777777777777,97.22222222222221
7,30,37,18.91891891891892,81.08108108108108
8,83,91,8.791208791208792,91.20879120879121
6,35,41,14.634146341463413,85.36585365853658
5,33,38,13.157894736842104,86.8421052631579
2,30,32,6.25,93.75
4,27,31,12.903225806451612,87.09677419354838
8,43,51,15.686274509803921,84.31372549019608
4,16,20,20.0,80.0
5,29,34,14.705882352941178,85.29411764705883
3,22,25,12.0,88.0
5,14,19,26.31578947368421,73.68421052631578
3,41,44,6.8181818181818175,93.18181818181817
6,23,29,20.689655172413794,79.3103448275862
0,23,23,0.0,100.0
5,13,18,27.77777777777778,72.22222222222221
10,28,38,26.31578947368421,73.68421052631578
8,10,18,44.44444444444444,55.55555555555556
0,13,13,0.0,100.0
3,19,22,13.636363636363635,86.36363636363636
1,31,32,3.125,96.875
4,17,21,19.047619047619047,80.95238095238095
3,19,22,13.636363636363635,86.36363636363636
40,188,228,17.543859649122805,82.45614035087719
1,19,20,5.0,95.0
64,119,183,34.97267759562842,65.02732240437157
45,100,145,31.03448275862069,68.96551724137932
3,26,29,10.344827586206897,89.65517241379311
5,29,34,14.705882352941178,85.29411764705883
2,13,15,13.333333333333334,86.66666666666667
3,19,22,13.636363636363635,86.36363636363636
4,17,21,19.047619047619047,80.95238095238095
5,19,24,20.833333333333336,79.16666666666666
2,23,25,8.0,92.0
8,24,32,25.0,75.0
1,18,19,5.263157894736842,94.73684210526315
0,18,18,0.0,100.0
8,32,40,20.0,80.0
3,44,47,6.382978723404255,93.61702127659575
4,12,16,25.0,75.0
1,23,24,4.166666666666666,95.83333333333334
7,15,22,31.818181818181817,68.18181818181817
7,20,27,25.925925925925924,74.07407407407408
1,18,19,5.263157894736842,94.73684210526315
9,41,50,18.0,82.0
6,21,27,22.22222222222222,77.77777777777779
2,11,13,15.384615384615385,84.61538461538461
4,20,24,16.666666666666664,83.33333333333334
14,7,21,66.66666666666666,33.33333333333333
2,29,31,6.451612903225806,93.54838709677419
23,88,111,20.72072072072072,79.27927927927928
9,66,75,12.0,88.0
5,15,20,25.0,75.0
4,23,27,14.814814814814813,85.18518518518519
5,30,35,14.285714285714285,85.71428571428571
5,27,32,15.625,84.375
6,38,44,13.636363636363635,86.36363636363636
7,17,24,29.166666666666668,70.83333333333334
8,40,48,16.666666666666664,83.33333333333334
0,24,24,0.0,100.0
5,27,32,15.625,84.375
2,26,28,7.142857142857142,92.85714285714286
5,17,22,22.727272727272727,77.27272727272727
0,18,18,0.0,100.0
1,18,19,5.263157894736842,94.73684210526315
3,11,14,21.428571428571427,78.57142857142857
8,54,62,12.903225806451612,87.09677419354838
2,16,18,11.11111111111111,88.88888888888889
0,18,18,0.0,100.0
66,76,142,46.478873239436616,53.52112676056338
4,16,20,20.0,80.0
1,27,28,3.571428571428571,96.42857142857143
24,156,180,13.333333333333334,86.66666666666667
3,32,35,8.571428571428571,91.42857142857143
5,32,37,13.513513513513514,86.48648648648648
48,83,131,36.6412213740458,63.358778625954194
2,47,49,4.081632653061225,95.91836734693877
3,19,22,13.636363636363635,86.36363636363636
6,41,47,12.76595744680851,87.2340425531915
2,25,27,7.4074074074074066,92.5925925925926
5,16,21,23.809523809523807,76.19047619047619
2,17,19,10.526315789473683,89.47368421052632
4,14,18,22.22222222222222,77.77777777777779
8,38,46,17.391304347826086,82.6086956521739
1,20,21,4.761904761904762,95.23809523809523
2,33,35,5.714285714285714,94.28571428571428
5,22,27,18.51851851851852,81.48148148148148
10,43,53,18.867924528301888,81.13207547169812
7,9,16,43.75,56.25
6,31,37,16.216216216216218,83.78378378378379
14,6,20,70.0,30.0
5,12,17,29.411764705882355,70.58823529411765
9,28,37,24.324324324324326,75.67567567567568
2,25,27,7.4074074074074066,92.5925925925926
4,46,50,8.0,92.0
2,19,21,9.523809523809524,90.47619047619048
8,19,27,29.629629629629626,70.37037037037037
4,24,28,14.285714285714285,85.71428571428571
2,23,25,8.0,92.0
3,18,21,14.285714285714285,85.71428571428571
5,25,30,16.666666666666664,83.33333333333334
4,9,13,30.76923076923077,69.23076923076923
12,46,58,20.689655172413794,79.3103448275862
6,15,21,28.57142857142857,71.42857142857143
2,37,39,5.128205128205128,94.87179487179486
7,66,73,9.58904109589041,90.41095890410958
4,22,26,15.384615384615385,84.61538461538461
4,13,17,23.52941176470588,76.47058823529412
6,36,42,14.285714285714285,85.71428571428571
10,8,18,55.55555555555556,44.44444444444444
28,162,190,14.736842105263156,85.26315789473684
9,26,35,25.71428571428571,74.28571428571429
3,13,16,18.75,81.25
3,10,13,23.076923076923077,76.92307692307693
0,22,22,0.0,100.0
4,16,20,20.0,80.0
2,27,29,6.896551724137931,93.10344827586206
26,119,145,17.93103448275862,82.06896551724138
18,27,45,40.0,60.0
19,55,74,25.675675675675674,74.32432432432432
7,36,43,16.27906976744186,83.72093023255815
4,18,22,18.181818181818183,81.81818181818183
12,41,53,22.641509433962266,77.35849056603774
7,20,27,25.925925925925924,74.07407407407408
2,33,35,5.714285714285714,94.28571428571428
5,26,31,16.129032258064516,83.87096774193549
8,24,32,25.0,75.0
4,40,44,9.090909090909092,90.9090909090909
53,142,195,27.17948717948718,72.82051282051282
2,18,20,10.0,90.0
19,54,73,26.027397260273972,73.97260273972603
24,31,55,43.63636363636363,56.36363636363636
10,44,54,18.51851851851852,81.48148148148148
10,61,71,14.084507042253522,85.91549295774648
3,19,22,13.636363636363635,86.36363636363636
3,19,22,13.636363636363635,86.36363636363636
5,25,30,16.666666666666664,83.33333333333334
20,219,239,8.368200836820083,91.63179916317992
43,112,155,27.741935483870968,72.25806451612902
58,202,260,22.30769230769231,77.6923076923077
8,103,111,7.207207207207207,92.7927927927928
2,16,18,11.11111111111111,88.88888888888889
6,14,20,30.0,70.0
1,20,21,4.761904761904762,95.23809523809523
2,22,24,8.333333333333332,91.66666666666666
49,82,131,37.404580152671755,62.59541984732825
8,44,52,15.384615384615385,84.61538461538461
4,12,16,25.0,75.0
58,66,124,46.774193548387096,53.2258064516129
37,166,203,18.226600985221676,81.77339901477832
29,184,213,13.615023474178404,86.3849765258216
19,74,93,20.43010752688172,79.56989247311827
60,86,146,41.0958904109589,58.9041095890411
29,76,105,27.61904761904762,72.38095238095238
34,94,128,26.5625,73.4375
70,113,183,38.25136612021858,61.74863387978142
49,177,226,21.68141592920354,78.31858407079646
55,52,107,51.4018691588785,48.598130841121495
41,61,102,40.19607843137255,59.80392156862745
16,12,28,57.14285714285714,42.857142857142854
3,10,13,23.076923076923077,76.92307692307693
4,15,19,21.052631578947366,78.94736842105263
6,17,23,26.08695652173913,73.91304347826086
75,94,169,44.37869822485207,55.62130177514793
2,29,31,6.451612903225806,93.54838709677419
1,13,14,7.142857142857142,92.85714285714286
45,87,132,34.090909090909086,65.9090909090909
4,15,19,21.052631578947366,78.94736842105263
5,21,26,19.230769230769234,80.76923076923077
6,20,26,23.076923076923077,76.92307692307693
39,55,94,41.48936170212766,58.51063829787234
21,107,128,16.40625,83.59375
41,46,87,47.12643678160919,52.87356321839081
23,70,93,24.731182795698924,75.26881720430107
7,9,16,43.75,56.25
14,92,106,13.20754716981132,86.79245283018868
32,157,189,16.93121693121693,83.06878306878306
28,26,54,51.85185185185185,48.148148148148145
18,77,95,18.947368421052634,81.05263157894737
44,158,202,21.782178217821784,78.21782178217822
3,13,16,18.75,81.25
31,20,51,60.78431372549019,39.21568627450981
34,29,63,53.96825396825397,46.03174603174603
34,68,102,33.33333333333333,66.66666666666666
13,35,48,27.083333333333332,72.91666666666666
46,53,99,46.464646464646464,53.535353535353536
64,47,111,57.65765765765766,42.34234234234234
28,104,132,21.21212121212121,78.78787878787878
17,57,74,22.972972972972975,77.02702702702703
0,18,18,0.0,100.0
59,42,101,58.415841584158414,41.584158415841586
14,58,72,19.444444444444446,80.55555555555556
27,96,123,21.951219512195124,78.04878048780488
44,20,64,68.75,31.25
40,61,101,39.603960396039604,60.396039603960396
9,59,68,13.23529411764706,86.76470588235294
40,135,175,22.857142857142858,77.14285714285715
24,43,67,35.82089552238806,64.17910447761194
32,65,97,32.98969072164948,67.0103092783505
64,91,155,41.29032258064516,58.70967741935483
23,156,179,12.849162011173185,87.15083798882681
41,83,124,33.064516129032256,66.93548387096774
34,63,97,35.051546391752574,64.94845360824742
63,74,137,45.98540145985402,54.01459854014598
67,182,249,26.907630522088354,73.09236947791165
14,20,34,41.17647058823529,58.82352941176471
2,35,37,5.405405405405405,94.5945945945946
13,47,60,21.666666666666668,78.33333333333333
13,15,28,46.42857142857143,53.57142857142857
9,15,24,37.5,62.5
32,51,83,38.55421686746988,61.44578313253012
10,17,27,37.03703703703704,62.96296296296296
6,16,22,27.27272727272727,72.72727272727273
3,27,30,10.0,90.0
21,22,43,48.837209302325576,51.162790697674424
7,17,24,29.166666666666668,70.83333333333334
17,32,49,34.69387755102041,65.3061224489796
9,8,17,52.94117647058824,47.05882352941176
2,4,6,33.33333333333333,66.66666666666666
24,27,51,47.05882352941176,52.94117647058824
12,7,19,63.1578947368421,36.84210526315789
30,50,80,37.5,62.5
63,57,120,52.5,47.5
46,232,278,16.546762589928058,83.45323741007195
21,138,159,13.20754716981132,86.79245283018868
34,91,125,27.200000000000003,72.8
11,60,71,15.492957746478872,84.50704225352112
44,95,139,31.654676258992804,68.34532374100719
27,162,189,14.285714285714285,85.71428571428571
19,59,78,24.358974358974358,75.64102564102564
31,161,192,16.145833333333336,83.85416666666666
14,129,143,9.79020979020979,90.20979020979021
4,71,75,5.333333333333334,94.66666666666667
2,48,50,4.0,96.0
7,21,28,25.0,75.0
7,33,40,17.5,82.5
31,217,248,12.5,87.5
26,73,99,26.262626262626267,73.73737373737373
16,30,46,34.78260869565217,65.21739130434783
5,27,32,15.625,84.375
2,20,22,9.090909090909092,90.9090909090909
55,160,215,25.581395348837212,74.4186046511628
1,21,22,4.545454545454546,95.45454545454545
18,21,39,46.15384615384615,53.84615384615385
31,116,147,21.08843537414966,78.91156462585033
47,41,88,53.40909090909091,46.590909090909086
7,24,31,22.58064516129032,77.41935483870968
7,24,31,22.58064516129032,77.41935483870968
23,65,88,26.136363636363637,73.86363636363636
2,12,14,14.285714285714285,85.71428571428571
45,94,139,32.37410071942446,67.62589928057554
21,97,118,17.796610169491526,82.20338983050848
32,201,233,13.733905579399142,86.26609442060087
47,128,175,26.857142857142858,73.14285714285714
67,163,230,29.130434782608695,70.86956521739131
42,122,164,25.609756097560975,74.39024390243902
3,31,34,8.823529411764707,91.17647058823529
8,16,24,33.33333333333333,66.66666666666666
26,91,117,22.22222222222222,77.77777777777779
6,25,31,19.35483870967742,80.64516129032258
3,17,20,15.0,85.0
0,22,22,0.0,100.0
33,70,103,32.038834951456316,67.96116504854369
7,27,34,20.588235294117645,79.41176470588235
37,97,134,27.611940298507463,72.38805970149254
42,159,201,20.8955223880597,79.1044776119403
12,28,40,30.0,70.0
2,25,27,7.4074074074074066,92.5925925925926
54,140,194,27.835051546391753,72.16494845360825
93,132,225,41.333333333333336,58.666666666666664
46,208,254,18.11023622047244,81.88976377952756
38,172,210,18.095238095238095,81.9047619047619
66,112,178,37.07865168539326,62.92134831460674
39,209,248,15.725806451612904,84.2741935483871
4,21,25,16.0,84.0
5,12,17,29.411764705882355,70.58823529411765
0,17,17,0.0,100.0
5,44,49,10.204081632653061,89.79591836734694
21,114,135,15.555555555555555,84.44444444444444
55,60,115,47.82608695652174,52.17391304347826
12,10,22,54.54545454545454,45.45454545454545
74,62,136,54.41176470588235,45.588235294117645
57,66,123,46.34146341463415,53.65853658536586
37,90,127,29.133858267716533,70.86614173228347
4,35,39,10.256410256410255,89.74358974358975
11,146,157,7.006369426751593,92.99363057324841
79,80,159,49.685534591194966,50.314465408805034
2,16,18,11.11111111111111,88.88888888888889
3,17,20,15.0,85.0
24,119,143,16.783216783216783,83.21678321678321
31,26,57,54.385964912280706,45.614035087719294
1,9,10,10.0,90.0
39,44,83,46.98795180722892,53.01204819277109
41,57,98,41.83673469387755,58.16326530612245
47,83,130,36.15384615384615,63.84615384615384
36,51,87,41.37931034482759,58.620689655172406
30,94,124,24.193548387096776,75.80645161290323
2,20,22,9.090909090909092,90.9090909090909
3,15,18,16.666666666666664,83.33333333333334
34,107,141,24.113475177304963,75.88652482269504
16,27,43,37.2093023255814,62.7906976744186
55,97,152,36.18421052631579,63.81578947368421
6,10,16,37.5,62.5
5,15,20,25.0,75.0
1,10,11,9.090909090909092,90.9090909090909
12,28,40,30.0,70.0
10,27,37,27.027027027027028,72.97297297297297
76,136,212,35.84905660377358,64.15094339622641
39,101,140,27.857142857142858,72.14285714285714
54,101,155,34.83870967741935,65.16129032258064
38,42,80,47.5,52.5
41,35,76,53.94736842105263,46.05263157894737
32,72,104,30.76923076923077,69.23076923076923
54,75,129,41.86046511627907,58.139534883720934
87,70,157,55.4140127388535,44.5859872611465
45,116,161,27.95031055900621,72.04968944099379
14,144,158,8.860759493670885,91.13924050632912
111,78,189,58.730158730158735,41.269841269841265
67,83,150,44.666666666666664,55.333333333333336
54,145,199,27.1356783919598,72.8643216080402
33,116,149,22.14765100671141,77.85234899328859
54,74,128,42.1875,57.8125
44,152,196,22.448979591836736,77.55102040816327
28,46,74,37.83783783783784,62.16216216216216
92,146,238,38.655462184873954,61.34453781512605
49,206,255,19.215686274509807,80.7843137254902
5,18,23,21.73913043478261,78.26086956521739
58,110,168,34.523809523809526,65.47619047619048
30,117,147,20.408163265306122,79.59183673469387
17,37,54,31.48148148148148,68.51851851851852
43,144,187,22.994652406417114,77.00534759358288
9,26,35,25.71428571428571,74.28571428571429
6,16,22,27.27272727272727,72.72727272727273
4,10,14,28.57142857142857,71.42857142857143
8,24,32,25.0,75.0
47,125,172,27.325581395348834,72.67441860465115
85,110,195,43.58974358974359,56.41025641025641
76,50,126,60.317460317460316,39.682539682539684
42,96,138,30.434782608695656,69.56521739130434
3,3,6,50.0,50.0
2,34,36,5.555555555555555,94.44444444444444
5,23,28,17.857142857142858,82.14285714285714
4,23,27,14.814814814814813,85.18518518518519
1,20,21,4.761904761904762,95.23809523809523
6,13,19,31.57894736842105,68.42105263157895
3,12,15,20.0,80.0
21,180,201,10.44776119402985,89.55223880597015
4,20,24,16.666666666666664,83.33333333333334
24,97,121,19.834710743801654,80.16528925619835
44,98,142,30.985915492957744,69.01408450704226
19,117,136,13.970588235294118,86.02941176470588
39,79,118,33.05084745762712,66.94915254237289
47,65,112,41.964285714285715,58.03571428571429
34,55,89,38.20224719101123,61.79775280898876
40,24,64,62.5,37.5
16,107,123,13.008130081300814,86.99186991869918
23,61,84,27.380952380952383,72.61904761904762
14,26,40,35.0,65.0
10,15,25,40.0,60.0
5,31,36,13.88888888888889,86.11111111111111
1,23,24,4.166666666666666,95.83333333333334
1,12,13,7.6923076923076925,92.3076923076923
4,28,32,12.5,87.5
35,51,86,40.69767441860465,59.30232558139535
80,64,144,55.55555555555556,44.44444444444444
48,31,79,60.75949367088608,39.24050632911392
8,32,40,20.0,80.0
16,122,138,11.594202898550725,88.40579710144928
51,200,251,20.318725099601593,79.6812749003984
49,170,219,22.37442922374429,77.6255707762557
38,98,136,27.941176470588236,72.05882352941177
53,133,186,28.49462365591398,71.50537634408603
10,43,53,18.867924528301888,81.13207547169812
56,39,95,58.94736842105262,41.05263157894737
56,91,147,38.095238095238095,61.904761904761905
66,132,198,33.33333333333333,66.66666666666666
64,118,182,35.16483516483517,64.83516483516483
55,82,137,40.14598540145985,59.854014598540154
0,24,24,0.0,100.0
18,17,35,51.42857142857142,48.57142857142857
4,25,29,13.793103448275861,86.20689655172413
4,21,25,16.0,84.0
28,220,248,11.29032258064516,88.70967741935483
34,48,82,41.46341463414634,58.536585365853654
5,9,14,35.714285714285715,64.28571428571429
44,87,131,33.587786259541986,66.41221374045801
17,23,40,42.5,57.49999999999999
37,27,64,57.8125,42.1875
50,110,160,31.25,68.75
27,25,52,51.92307692307693,48.07692307692308
34,45,79,43.037974683544306,56.9620253164557
1,4,5,20.0,80.0
8,30,38,21.052631578947366,78.94736842105263
58,100,158,36.708860759493675,63.29113924050633
30,57,87,34.48275862068966,65.51724137931035
62,144,206,30.097087378640776,69.90291262135922
47,145,192,24.479166666666664,75.52083333333334
5,20,25,20.0,80.0
6,31,37,16.216216216216218,83.78378378378379
1,16,17,5.88235294117647,94.11764705882352
9,33,42,21.428571428571427,78.57142857142857
31,103,134,23.134328358208954,76.86567164179104
11,47,58,18.96551724137931,81.03448275862068
32,75,107,29.906542056074763,70.09345794392523
1,20,21,4.761904761904762,95.23809523809523
36,130,166,21.686746987951807,78.3132530120482
68,111,179,37.988826815642454,62.01117318435754
49,125,174,28.160919540229884,71.83908045977012
63,92,155,40.64516129032258,59.354838709677416
48,51,99,48.484848484848484,51.515151515151516
53,97,150,35.333333333333336,64.66666666666666
14,7,21,66.66666666666666,33.33333333333333
1,40,41,2.4390243902439024,97.5609756097561
17,53,70,24.285714285714285,75.71428571428571
10,71,81,12.345679012345679,87.65432098765432
34,68,102,33.33333333333333,66.66666666666666
70,44,114,61.40350877192983,38.59649122807017
17,52,69,24.637681159420293,75.36231884057972
21,54,75,28.000000000000004,72.0
22,75,97,22.68041237113402,77.31958762886599
16,139,155,10.32258064516129,89.6774193548387
32,83,115,27.82608695652174,72.17391304347827
20,89,109,18.34862385321101,81.65137614678899
18,98,116,15.517241379310345,84.48275862068965
22,48,70,31.428571428571427,68.57142857142857
21,152,173,12.138728323699421,87.86127167630057
23,117,140,16.428571428571427,83.57142857142857
47,31,78,60.256410256410255,39.743589743589745
8,19,27,29.629629629629626,70.37037037037037
3,21,24,12.5,87.5
2,6,8,25.0,75.0
24,20,44,54.54545454545454,45.45454545454545
33,75,108,30.555555555555557,69.44444444444444
3,15,18,16.666666666666664,83.33333333333334
4,18,22,18.181818181818183,81.81818181818183
7,14,21,33.33333333333333,66.66666666666666
39,66,105,37.142857142857146,62.857142857142854
66,107,173,38.15028901734104,61.849710982658955
14,14,28,50.0,50.0
42,34,76,55.26315789473685,44.73684210526316
3,22,25,12.0,88.0
5,16,21,23.809523809523807,76.19047619047619
4,23,27,14.814814814814813,85.18518518518519
18,65,83,21.686746987951807,78.3132530120482
4,24,28,14.285714285714285,85.71428571428571
44,133,177,24.858757062146893,75.14124293785311
39,41,80,48.75,51.24999999999999
25,29,54,46.2962962962963,53.70370370370371
80,72,152,52.63157894736842,47.368421052631575
1,15,16,6.25,93.75
26,130,156,16.666666666666664,83.33333333333334
1,20,21,4.761904761904762,95.23809523809523
44,66,110,40.0,60.0
2,16,18,11.11111111111111,88.88888888888889
24,119,143,16.783216783216783,83.21678321678321
36,176,212,16.9811320754717,83.01886792452831
44,76,120,36.666666666666664,63.33333333333333
23,105,128,17.96875,82.03125
2,18,20,10.0,90.0
71,50,121,58.67768595041323,41.32231404958678
37,76,113,32.743362831858406,67.2566371681416
1,25,26,3.8461538461538463,96.15384615384616
8,18,26,30.76923076923077,69.23076923076923
23,13,36,63.888888888888886,36.11111111111111
72,56,128,56.25,43.75
1,20,21,4.761904761904762,95.23809523809523
5,17,22,22.727272727272727,77.27272727272727
4,21,25,16.0,84.0
78,47,125,62.4,37.6
6,37,43,13.953488372093023,86.04651162790698
49,63,112,43.75,56.25
49,115,164,29.878048780487802,70.1219512195122
36,82,118,30.508474576271187,69.49152542372882
33,59,92,35.869565217391305,64.13043478260869
57,81,138,41.30434782608695,58.69565217391305
36,88,124,29.03225806451613,70.96774193548387
1,21,22,4.545454545454546,95.45454545454545
47,67,114,41.228070175438596,58.77192982456141
50,136,186,26.881720430107524,73.11827956989248
67,247,314,21.337579617834397,78.6624203821656
64,125,189,33.86243386243386,66.13756613756614
79,82,161,49.06832298136646,50.931677018633536
52,159,211,24.644549763033176,75.35545023696683
31,105,136,22.794117647058822,77.20588235294117
13,13,26,50.0,50.0
75,84,159,47.16981132075472,52.83018867924528
15,40,55,27.27272727272727,72.72727272727273
55,109,164,33.53658536585366,66.46341463414635
9,81,90,10.0,90.0
17,27,44,38.63636363636363,61.36363636363637
40,180,220,18.181818181818183,81.81818181818183
55,102,157,35.03184713375796,64.96815286624204
62,124,186,33.33333333333333,66.66666666666666
2,18,20,10.0,90.0
5,70,75,6.666666666666667,93.33333333333333
15,17,32,46.875,53.125
27,47,74,36.486486486486484,63.51351351351351
5,14,19,26.31578947368421,73.68421052631578
59,219,278,21.223021582733814,78.77697841726618
16,12,28,57.14285714285714,42.857142857142854
38,85,123,30.89430894308943,69.10569105691057
3,20,23,13.043478260869565,86.95652173913044
60,148,208,28.846153846153843,71.15384615384616
3,17,20,15.0,85.0
33,80,113,29.20353982300885,70.79646017699115
64,88,152,42.10526315789473,57.89473684210527
5,24,29,17.24137931034483,82.75862068965517
3,13,16,18.75,81.25
7,9,16,43.75,56.25
38,137,175,21.714285714285715,78.28571428571428
12,30,42,28.57142857142857,71.42857142857143
28,115,143,19.58041958041958,80.41958041958041
67,50,117,57.26495726495726,42.73504273504273
8,20,28,28.57142857142857,71.42857142857143
22,68,90,24.444444444444443,75.55555555555556
54,284,338,15.976331360946746,84.02366863905326
162,376,538,30.111524163568777,69.88847583643123
33,105,138,23.91304347826087,76.08695652173914
44,74,118,37.28813559322034,62.71186440677966
19,24,43,44.18604651162791,55.81395348837209
34,22,56,60.71428571428571,39.285714285714285
52,101,153,33.98692810457516,66.01307189542483
9,45,54,16.666666666666664,83.33333333333334
72,134,206,34.95145631067961,65.0485436893204
5,18,23,21.73913043478261,78.26086956521739
64,143,207,30.917874396135264,69.08212560386472
53,75,128,41.40625,58.59375
37,246,283,13.074204946996467,86.92579505300353
44,133,177,24.858757062146893,75.14124293785311
49,97,146,33.56164383561644,66.43835616438356
96,123,219,43.83561643835616,56.16438356164384
45,72,117,38.46153846153847,61.53846153846154
51,26,77,66.23376623376623,33.76623376623377
4,16,20,20.0,80.0
41,177,218,18.807339449541285,81.19266055045871
33,157,190,17.36842105263158,82.63157894736842
27,126,153,17.647058823529413,82.35294117647058
31,94,125,24.8,75.2
26,72,98,26.53061224489796,73.46938775510205
59,119,178,33.146067415730336,66.85393258426966
69,82,151,45.6953642384106,54.3046357615894
17,36,53,32.075471698113205,67.9245283018868
5,30,35,14.285714285714285,85.71428571428571
51,96,147,34.69387755102041,65.3061224489796
7,26,33,21.21212121212121,78.78787878787878
45,167,212,21.22641509433962,78.77358490566037
68,87,155,43.87096774193549,56.12903225806451
1,13,14,7.142857142857142,92.85714285714286
4,19,23,17.391304347826086,82.6086956521739
4,20,24,16.666666666666664,83.33333333333334
40,187,227,17.62114537444934,82.37885462555066
34,165,199,17.08542713567839,82.91457286432161
23,172,195,11.794871794871794,88.2051282051282
28,95,123,22.76422764227642,77.23577235772358
31,15,46,67.3913043478261,32.608695652173914
20,103,123,16.260162601626014,83.73983739837398
30,146,176,17.045454545454543,82.95454545454545
32,25,57,56.14035087719298,43.859649122807014
31,86,117,26.495726495726498,73.50427350427351
58,43,101,57.42574257425742,42.57425742574257
34,165,199,17.08542713567839,82.91457286432161
75,77,152,49.34210526315789,50.6578947368421
44,250,294,14.965986394557824,85.03401360544217
74,140,214,34.57943925233645,65.42056074766354
88,93,181,48.61878453038674,51.38121546961326
88,111,199,44.221105527638194,55.778894472361806
48,148,196,24.489795918367346,75.51020408163265
39,209,248,15.725806451612904,84.2741935483871
74,157,231,32.03463203463203,67.96536796536796
41,99,140,29.28571428571429,70.71428571428572
93,146,239,38.912133891213394,61.08786610878661
60,267,327,18.34862385321101,81.65137614678899
39,229,268,14.55223880597015,85.44776119402985
65,242,307,21.172638436482085,78.82736156351791
8,16,24,33.33333333333333,66.66666666666666
47,259,306,15.359477124183007,84.640522875817
73,117,190,38.421052631578945,61.578947368421055
38,110,148,25.675675675675674,74.32432432432432
3,16,19,15.789473684210526,84.21052631578947
41,145,186,22.043010752688172,77.95698924731182
36,70,106,33.9622641509434,66.0377358490566
5,13,18,27.77777777777778,72.22222222222221
57,90,147,38.775510204081634,61.224489795918366
26,35,61,42.62295081967213,57.377049180327866
39,66,105,37.142857142857146,62.857142857142854
58,59,117,49.572649572649574,50.427350427350426
25,46,71,35.2112676056338,64.7887323943662
73,277,350,20.857142857142858,79.14285714285715
3,29,32,9.375,90.625
37,99,136,27.205882352941174,72.79411764705883
55,164,219,25.11415525114155,74.88584474885845
13,14,27,48.148148148148145,51.85185185185185
65,143,208,31.25,68.75
26,91,117,22.22222222222222,77.77777777777779
23,225,248,9.274193548387096,90.7258064516129
26,151,177,14.689265536723164,85.31073446327684
45,148,193,23.316062176165804,76.68393782383419
69,76,145,47.58620689655172,52.41379310344828
1,19,20,5.0,95.0
10,69,79,12.658227848101266,87.34177215189874
4,26,30,13.333333333333334,86.66666666666667
45,118,163,27.607361963190186,72.39263803680981
14,121,135,10.37037037037037,89.62962962962962
18,70,88,20.454545454545457,79.54545454545455
50,161,211,23.696682464454977,76.30331753554502
42,61,103,40.77669902912621,59.22330097087378
66,77,143,46.15384615384615,53.84615384615385
74,93,167,44.31137724550898,55.688622754491014
3,22,25,12.0,88.0
22,80,102,21.568627450980394,78.43137254901961
53,22,75,70.66666666666667,29.333333333333332
29,49,78,37.17948717948718,62.82051282051282
47,116,163,28.834355828220858,71.16564417177914
33,113,146,22.602739726027394,77.3972602739726
31,36,67,46.26865671641791,53.73134328358209
7,35,42,16.666666666666664,83.33333333333334
88,91,179,49.162011173184354,50.83798882681564
166,435,601,27.620632279534107,72.3793677204659
58,123,181,32.04419889502763,67.95580110497238
52,73,125,41.6,58.4
49,161,210,23.333333333333332,76.66666666666667
32,116,148,21.62162162162162,78.37837837837837
10,13,23,43.47826086956522,56.52173913043478
54,52,106,50.943396226415096,49.056603773584904
14,43,57,24.561403508771928,75.43859649122807
133,117,250,53.2,46.800000000000004
48,124,172,27.906976744186046,72.09302325581395
12,44,56,21.428571428571427,78.57142857142857
21,59,80,26.25,73.75
108,171,279,38.70967741935484,61.29032258064516
59,101,160,36.875,63.125
14,81,95,14.736842105263156,85.26315789473684
15,29,44,34.090909090909086,65.9090909090909
8,92,100,8.0,92.0
1,6,7,14.285714285714285,85.71428571428571
11,67,78,14.102564102564102,85.8974358974359
18,69,87,20.689655172413794,79.3103448275862
12,22,34,35.294117647058826,64.70588235294117
12,26,38,31.57894736842105,68.42105263157895
4,50,54,7.4074074074074066,92.5925925925926
13,11,24,54.166666666666664,45.83333333333333
32,82,114,28.07017543859649,71.9298245614035
107,134,241,44.398340248962654,55.601659751037346
8,13,21,38.095238095238095,61.904761904761905
15,72,87,17.24137931034483,82.75862068965517
14,80,94,14.893617021276595,85.1063829787234
60,50,110,54.54545454545454,45.45454545454545
37,187,224,16.517857142857142,83.48214285714286
1,19,20,5.0,95.0
6,26,32,18.75,81.25
63,156,219,28.767123287671232,71.23287671232876
8,24,32,25.0,75.0
85,129,214,39.719626168224295,60.280373831775705
42,154,196,21.428571428571427,78.57142857142857
10,15,25,40.0,60.0
62,95,157,39.490445859872615,60.509554140127385
13,8,21,61.904761904761905,38.095238095238095
39,67,106,36.79245283018868,63.20754716981132
13,44,57,22.807017543859647,77.19298245614034
107,186,293,36.51877133105802,63.48122866894198
26,22,48,54.166666666666664,45.83333333333333
41,99,140,29.28571428571429,70.71428571428572
35,33,68,51.470588235294116,48.529411764705884
45,83,128,35.15625,64.84375
39,227,266,14.661654135338345,85.33834586466166
34,35,69,49.275362318840585,50.72463768115942
36,52,88,40.909090909090914,59.09090909090909
57,122,179,31.843575418994412,68.15642458100558
42,33,75,56.00000000000001,44.0
31,61,92,33.69565217391305,66.30434782608695
62,92,154,40.25974025974026,59.74025974025974
41,62,103,39.80582524271845,60.19417475728155
33,195,228,14.473684210526317,85.52631578947368
42,65,107,39.25233644859813,60.747663551401864
43,157,200,21.5,78.5
74,98,172,43.02325581395349,56.97674418604651
17,14,31,54.83870967741935,45.16129032258064
68,306,374,18.181818181818183,81.81818181818183
39,23,62,62.903225806451616,37.096774193548384
89,50,139,64.02877697841727,35.97122302158273
36,38,74,48.64864864864865,51.35135135135135
19,39,58,32.758620689655174,67.24137931034483
23,17,40,57.49999999999999,42.5
5,16,21,23.809523809523807,76.19047619047619
43,186,229,18.777292576419214,81.22270742358079
63,139,202,31.18811881188119,68.8118811881188
24,55,79,30.37974683544304,69.62025316455697
38,40,78,48.717948717948715,51.28205128205128
5,26,31,16.129032258064516,83.87096774193549
11,155,166,6.626506024096386,93.37349397590361
44,94,138,31.88405797101449,68.11594202898551
56,59,115,48.69565217391305,51.30434782608696
20,80,100,20.0,80.0
24,35,59,40.67796610169492,59.32203389830508
35,100,135,25.925925925925924,74.07407407407408
4,42,46,8.695652173913043,91.30434782608695
17,15,32,53.125,46.875
37,42,79,46.835443037974684,53.16455696202531
53,39,92,57.608695652173914,42.391304347826086
68,90,158,43.037974683544306,56.9620253164557
77,165,242,31.818181818181817,68.18181818181817
27,92,119,22.689075630252102,77.31092436974791
34,151,185,18.37837837837838,81.62162162162161
4,14,18,22.22222222222222,77.77777777777779
34,44,78,43.58974358974359,56.41025641025641
55,72,127,43.30708661417323,56.69291338582677
52,99,151,34.437086092715234,65.56291390728477
48,96,144,33.33333333333333,66.66666666666666
9,21,30,30.0,70.0
23,82,105,21.904761904761905,78.0952380952381
102,120,222,45.94594594594595,54.054054054054056
24,62,86,27.906976744186046,72.09302325581395
6,18,24,25.0,75.0
18,67,85,21.176470588235293,78.82352941176471
40,92,132,30.303030303030305,69.6969696969697
44,85,129,34.10852713178294,65.89147286821705
38,74,112,33.92857142857143,66.07142857142857
21,110,131,16.030534351145036,83.96946564885496
1,16,17,5.88235294117647,94.11764705882352
4,23,27,14.814814814814813,85.18518518518519
40,98,138,28.985507246376812,71.01449275362319
17,33,50,34.0,66.0
12,118,130,9.230769230769232,90.76923076923077
17,56,73,23.28767123287671,76.71232876712328
6,23,29,20.689655172413794,79.3103448275862
37,127,164,22.5609756097561,77.4390243902439
11,63,74,14.864864864864865,85.13513513513513
19,133,152,12.5,87.5
43,56,99,43.43434343434344,56.56565656565656
9,17,26,34.61538461538461,65.38461538461539
19,102,121,15.702479338842975,84.29752066115702
44,131,175,25.142857142857146,74.85714285714286
66,76,142,46.478873239436616,53.52112676056338
16,58,74,21.62162162162162,78.37837837837837
70,66,136,51.470588235294116,48.529411764705884
39,152,191,20.418848167539267,79.58115183246073
10,81,91,10.989010989010989,89.01098901098901
14,29,43,32.55813953488372,67.44186046511628
71,98,169,42.01183431952663,57.98816568047337
81,83,164,49.390243902439025,50.609756097560975
22,135,157,14.012738853503185,85.98726114649682
13,36,49,26.53061224489796,73.46938775510205
20,219,239,8.368200836820083,91.63179916317992
50,85,135,37.03703703703704,62.96296296296296
14,25,39,35.8974358974359,64.1025641025641
57,42,99,57.57575757575758,42.42424242424242
38,175,213,17.84037558685446,82.15962441314554
33,33,66,50.0,50.0
65,142,207,31.40096618357488,68.59903381642512
29,49,78,37.17948717948718,62.82051282051282
88,58,146,60.273972602739725,39.726027397260275
4,19,23,17.391304347826086,82.6086956521739
24,50,74,32.432432432432435,67.56756756756756
38,57,95,40.0,60.0
53,90,143,37.06293706293706,62.93706293706294
22,74,96,22.916666666666664,77.08333333333334
35,106,141,24.822695035460992,75.177304964539
37,40,77,48.05194805194805,51.94805194805194
12,6,18,66.66666666666666,33.33333333333333
5,43,48,10.416666666666668,89.58333333333334
5,51,56,8.928571428571429,91.07142857142857
7,29,36,19.444444444444446,80.55555555555556
1,31,32,3.125,96.875
22,47,69,31.88405797101449,68.11594202898551
4,34,38,10.526315789473683,89.47368421052632
21,24,45,46.666666666666664,53.333333333333336
15,64,79,18.9873417721519,81.0126582278481
8,40,48,16.666666666666664,83.33333333333334
6,13,19,31.57894736842105,68.42105263157895
22,49,71,30.985915492957744,69.01408450704226
9,22,31,29.03225806451613,70.96774193548387
5,15,20,25.0,75.0
3,5,8,37.5,62.5
61,64,125,48.8,51.2
8,13,21,38.095238095238095,61.904761904761905
54,127,181,29.83425414364641,70.1657458563536
49,153,202,24.257425742574256,75.74257425742574
43,76,119,36.134453781512605,63.86554621848739
8,13,21,38.095238095238095,61.904761904761905
31,173,204,15.196078431372548,84.80392156862744
29,26,55,52.72727272727272,47.27272727272727
41,53,94,43.61702127659575,56.38297872340425
7,13,20,35.0,65.0
49,70,119,41.17647058823529,58.82352941176471
60,51,111,54.054054054054056,45.94594594594595
58,209,267,21.722846441947567,78.27715355805243
11,25,36,30.555555555555557,69.44444444444444
14,25,39,35.8974358974359,64.1025641025641
35,32,67,52.23880597014925,47.76119402985074
62,171,233,26.609442060085836,73.39055793991416
4,46,50,8.0,92.0
10,14,24,41.66666666666667,58.333333333333336
19,118,137,13.86861313868613,86.13138686131386
30,158,188,15.957446808510639,84.04255319148936
37,127,164,22.5609756097561,77.4390243902439
45,137,182,24.725274725274726,75.27472527472527
64,61,125,51.2,48.8
73,119,192,38.02083333333333,61.979166666666664
18,151,169,10.650887573964498,89.3491124260355
44,30,74,59.45945945945946,40.54054054054054
26,116,142,18.30985915492958,81.69014084507043
43,243,286,15.034965034965033,84.96503496503497
15,143,158,9.49367088607595,90.50632911392405
18,131,149,12.080536912751679,87.91946308724832
25,63,88,28.40909090909091,71.5909090909091
10,66,76,13.157894736842104,86.8421052631579
27,123,150,18.0,82.0
22,88,110,20.0,80.0
17,22,39,43.58974358974359,56.41025641025641
48,167,215,22.325581395348838,77.67441860465117
1,34,35,2.857142857142857,97.14285714285714
37,14,51,72.54901960784314,27.450980392156865
18,139,157,11.464968152866243,88.53503184713377
15,76,91,16.483516483516482,83.51648351648352
55,56,111,49.549549549549546,50.45045045045045
34,41,75,45.33333333333333,54.666666666666664
12,85,97,12.371134020618557,87.62886597938144
77,104,181,42.5414364640884,57.4585635359116
46,100,146,31.506849315068493,68.4931506849315
36,119,155,23.225806451612904,76.77419354838709
24,166,190,12.631578947368421,87.36842105263159
44,60,104,42.30769230769231,57.692307692307686
49,114,163,30.061349693251532,69.93865030674846
54,61,115,46.95652173913044,53.04347826086957
58,100,158,36.708860759493675,63.29113924050633
28,181,209,13.397129186602871,86.60287081339713
11,67,78,14.102564102564102,85.8974358974359
18,51,69,26.08695652173913,73.91304347826086
57,180,237,24.050632911392405,75.9493670886076
7,39,46,15.217391304347828,84.78260869565217
85,114,199,42.71356783919598,57.286432160804026
83,201,284,29.225352112676056,70.77464788732394
17,82,99,17.17171717171717,82.82828282828282
37,110,147,25.170068027210885,74.82993197278913
36,113,149,24.161073825503358,75.83892617449665
13,66,79,16.455696202531644,83.54430379746836
42,124,166,25.301204819277107,74.69879518072288
34,121,155,21.935483870967744,78.06451612903226
26,176,202,12.871287128712872,87.12871287128714
67,66,133,50.37593984962406,49.62406015037594
18,60,78,23.076923076923077,76.92307692307693
52,106,158,32.91139240506329,67.08860759493672
25,157,182,13.736263736263737,86.26373626373626
17,80,97,17.525773195876287,82.4742268041237
66,200,266,24.81203007518797,75.18796992481202
84,189,273,30.76923076923077,69.23076923076923
50,181,231,21.645021645021643,78.35497835497836
50,136,186,26.881720430107524,73.11827956989248
20,32,52,38.46153846153847,61.53846153846154
35,182,217,16.129032258064516,83.87096774193549
61,141,202,30.198019801980198,69.80198019801979
21,27,48,43.75,56.25
43,240,283,15.19434628975265,84.80565371024736
37,59,96,38.54166666666667,61.458333333333336
24,29,53,45.28301886792453,54.71698113207547
43,133,176,24.431818181818183,75.56818181818183
13,17,30,43.333333333333336,56.666666666666664
13,22,35,37.142857142857146,62.857142857142854
68,75,143,47.55244755244755,52.44755244755245
8,28,36,22.22222222222222,77.77777777777779
4,12,16,25.0,75.0
4,29,33,12.121212121212121,87.87878787878788
21,60,81,25.925925925925924,74.07407407407408
102,138,240,42.5,57.49999999999999
7,55,62,11.29032258064516,88.70967741935483
5,26,31,16.129032258064516,83.87096774193549
48,86,134,35.82089552238806,64.17910447761194
4,61,65,6.153846153846154,93.84615384615384
18,99,117,15.384615384615385,84.61538461538461
17,73,90,18.88888888888889,81.11111111111111
6,27,33,18.181818181818183,81.81818181818183
27,85,112,24.107142857142858,75.89285714285714
1,26,27,3.7037037037037033,96.29629629629629
73,139,212,34.43396226415094,65.56603773584906
32,33,65,49.23076923076923,50.76923076923077
5,41,46,10.869565217391305,89.13043478260869
8,50,58,13.793103448275861,86.20689655172413
24,42,66,36.36363636363637,63.63636363636363
25,84,109,22.93577981651376,77.06422018348624
43,33,76,56.57894736842105,43.42105263157895
17,90,107,15.887850467289718,84.11214953271028
10,61,71,14.084507042253522,85.91549295774648
12,13,25,48.0,52.0
52,36,88,59.09090909090909,40.909090909090914
18,106,124,14.516129032258066,85.48387096774194
41,40,81,50.617283950617285,49.382716049382715
39,51,90,43.333333333333336,56.666666666666664
11,31,42,26.190476190476193,73.80952380952381
8,49,57,14.035087719298245,85.96491228070175
23,49,72,31.944444444444443,68.05555555555556
20,38,58,34.48275862068966,65.51724137931035
101,198,299,33.77926421404682,66.22073578595318
29,74,103,28.155339805825243,71.84466019417476
15,38,53,28.30188679245283,71.69811320754717
85,139,224,37.94642857142857,62.05357142857143
80,155,235,34.04255319148936,65.95744680851064
34,172,206,16.50485436893204,83.49514563106796
65,44,109,59.63302752293578,40.36697247706422
80,80,160,50.0,50.0
23,33,56,41.07142857142857,58.92857142857143
14,32,46,30.434782608695656,69.56521739130434
71,137,208,34.13461538461539,65.86538461538461
84,150,234,35.8974358974359,64.1025641025641
23,94,117,19.65811965811966,80.34188034188034
33,28,61,54.09836065573771,45.90163934426229
105,97,202,51.98019801980198,48.01980198019802
12,57,69,17.391304347826086,82.6086956521739
20,28,48,41.66666666666667,58.333333333333336
14,77,91,15.384615384615385,84.61538461538461
43,66,109,39.44954128440367,60.550458715596335
23,170,193,11.917098445595855,88.08290155440415
12,67,79,15.18987341772152,84.81012658227847
93,158,251,37.05179282868526,62.94820717131474
25,105,130,19.230769230769234,80.76923076923077
5,16,21,23.809523809523807,76.19047619047619
17,85,102,16.666666666666664,83.33333333333334
22,41,63,34.92063492063492,65.07936507936508
23,32,55,41.81818181818181,58.18181818181818
6,39,45,13.333333333333334,86.66666666666667
3,45,48,6.25,93.75
48,79,127,37.79527559055118,62.20472440944882
9,48,57,15.789473684210526,84.21052631578947
88,67,155,56.774193548387096,43.225806451612904
36,197,233,15.450643776824036,84.54935622317596
76,139,215,35.348837209302324,64.65116279069767
29,41,70,41.42857142857143,58.57142857142858
52,60,112,46.42857142857143,53.57142857142857
68,133,201,33.83084577114428,66.16915422885572
14,10,24,58.333333333333336,41.66666666666667
10,58,68,14.705882352941178,85.29411764705883
15,16,31,48.38709677419355,51.61290322580645
75,82,157,47.77070063694268,52.22929936305732
24,60,84,28.57142857142857,71.42857142857143
17,118,135,12.592592592592592,87.4074074074074
50,103,153,32.6797385620915,67.3202614379085
22,106,128,17.1875,82.8125
13,9,22,59.09090909090909,40.909090909090914
6,30,36,16.666666666666664,83.33333333333334
57,254,311,18.327974276527332,81.67202572347267
49,185,234,20.94017094017094,79.05982905982906
84,74,158,53.16455696202531,46.835443037974684
18,70,88,20.454545454545457,79.54545454545455
7,49,56,12.5,87.5
76,166,242,31.40495867768595,68.59504132231406
66,286,352,18.75,81.25
69,60,129,53.48837209302325,46.51162790697674
81,67,148,54.729729729729726,45.27027027027027
51,127,178,28.651685393258425,71.34831460674157
48,169,217,22.119815668202765,77.88018433179722
73,141,214,34.112149532710276,65.88785046728972
5,20,25,20.0,80.0
70,72,142,49.29577464788733,50.70422535211267
17,58,75,22.666666666666664,77.33333333333333
112,104,216,51.85185185185185,48.148148148148145
41,129,170,24.11764705882353,75.88235294117646
7,14,21,33.33333333333333,66.66666666666666
17,84,101,16.831683168316832,83.16831683168317
10,16,26,38.46153846153847,61.53846153846154
5,15,20,25.0,75.0
17,10,27,62.96296296296296,37.03703703703704
11,85,96,11.458333333333332,88.54166666666666
24,55,79,30.37974683544304,69.62025316455697
76,107,183,41.53005464480874,58.46994535519126
90,99,189,47.61904761904761,52.38095238095239
8,13,21,38.095238095238095,61.904761904761905
4,22,26,15.384615384615385,84.61538461538461
2,21,23,8.695652173913043,91.30434782608695
10,64,74,13.513513513513514,86.48648648648648
31,122,153,20.26143790849673,79.73856209150327
31,75,106,29.245283018867923,70.75471698113208
92,134,226,40.707964601769916,59.29203539823009
44,154,198,22.22222222222222,77.77777777777779
22,73,95,23.157894736842106,76.84210526315789
2,21,23,8.695652173913043,91.30434782608695
15,35,50,30.0,70.0
20,22,42,47.61904761904761,52.38095238095239
7,17,24,29.166666666666668,70.83333333333334
4,48,52,7.6923076923076925,92.3076923076923
16,131,147,10.884353741496598,89.1156462585034
16,140,156,10.256410256410255,89.74358974358975
22,96,118,18.64406779661017,81.35593220338984
22,122,144,15.277777777777779,84.72222222222221
12,133,145,8.275862068965518,91.72413793103448
12,48,60,20.0,80.0
14,39,53,26.41509433962264,73.58490566037736
9,13,22,40.909090909090914,59.09090909090909
97,68,165,58.78787878787879,41.21212121212121
13,39,52,25.0,75.0
41,51,92,44.565217391304344,55.434782608695656
28,83,111,25.225225225225223,74.77477477477478
5,21,26,19.230769230769234,80.76923076923077
13,10,23,56.52173913043478,43.47826086956522
2,30,32,6.25,93.75
16,19,35,45.714285714285715,54.285714285714285
13,45,58,22.413793103448278,77.58620689655173
25,27,52,48.07692307692308,51.92307692307693
73,124,197,37.055837563451774,62.944162436548226
23,175,198,11.616161616161616,88.38383838383838
41,195,236,17.372881355932204,82.62711864406779
7,55,62,11.29032258064516,88.70967741935483
38,147,185,20.54054054054054,79.45945945945945
6,22,28,21.428571428571427,78.57142857142857
7,60,67,10.44776119402985,89.55223880597015
5,19,24,20.833333333333336,79.16666666666666
11,55,66,16.666666666666664,83.33333333333334
2,25,27,7.4074074074074066,92.5925925925926
35,99,134,26.119402985074625,73.88059701492537
43,145,188,22.872340425531913,77.12765957446808
92,115,207,44.44444444444444,55.55555555555556
52,33,85,61.1764705882353,38.82352941176471
10,11,21,47.61904761904761,52.38095238095239
61,91,152,40.131578947368425,59.86842105263158
91,100,191,47.64397905759162,52.35602094240838
79,72,151,52.317880794701985,47.682119205298015
55,43,98,56.12244897959183,43.87755102040816
49,178,227,21.58590308370044,78.41409691629956
62,169,231,26.83982683982684,73.16017316017316
21,77,98,21.428571428571427,78.57142857142857
9,20,29,31.03448275862069,68.96551724137932
23,155,178,12.921348314606742,87.07865168539325
7,24,31,22.58064516129032,77.41935483870968
21,115,136,15.441176470588236,84.55882352941177
89,118,207,42.99516908212561,57.00483091787439
95,83,178,53.37078651685393,46.62921348314607
19,49,68,27.941176470588236,72.05882352941177
16,20,36,44.44444444444444,55.55555555555556
57,45,102,55.88235294117647,44.11764705882353
4,18,22,18.181818181818183,81.81818181818183
3,22,25,12.0,88.0
4,43,47,8.51063829787234,91.48936170212765
40,41,81,49.382716049382715,50.617283950617285
39,253,292,13.356164383561644,86.64383561643835
7,59,66,10.606060606060606,89.39393939393939
25,121,146,17.123287671232877,82.87671232876713
6,70,76,7.894736842105263,92.10526315789474
15,81,96,15.625,84.375
27,104,131,20.610687022900763,79.38931297709924
31,111,142,21.830985915492956,78.16901408450704
45,94,139,32.37410071942446,67.62589928057554
18,24,42,42.857142857142854,57.14285714285714
54,39,93,58.06451612903226,41.935483870967744
21,140,161,13.043478260869565,86.95652173913044
11,27,38,28.947368421052634,71.05263157894737
29,193,222,13.063063063063062,86.93693693693693
45,108,153,29.411764705882355,70.58823529411765
30,124,154,19.480519480519483,80.51948051948052
95,133,228,41.66666666666667,58.333333333333336
11,45,56,19.642857142857142,80.35714285714286
8,11,19,42.10526315789473,57.89473684210527
3,16,19,15.789473684210526,84.21052631578947
4,53,57,7.017543859649122,92.98245614035088
29,104,133,21.804511278195488,78.19548872180451
17,28,45,37.77777777777778,62.22222222222222
16,35,51,31.372549019607842,68.62745098039215
26,107,133,19.548872180451127,80.45112781954887
125,150,275,45.45454545454545,54.54545454545454
17,69,86,19.767441860465116,80.23255813953489
38,146,184,20.652173913043477,79.34782608695652
6,30,36,16.666666666666664,83.33333333333334
9,45,54,16.666666666666664,83.33333333333334
7,21,28,25.0,75.0
14,100,114,12.280701754385964,87.71929824561403
27,112,139,19.424460431654676,80.57553956834532
28,106,134,20.8955223880597,79.1044776119403
15,69,84,17.857142857142858,82.14285714285714
38,114,152,25.0,75.0
53,147,200,26.5,73.5
41,275,316,12.974683544303797,87.0253164556962
78,96,174,44.827586206896555,55.172413793103445
49,49,98,50.0,50.0
59,63,122,48.36065573770492,51.63934426229508
31,116,147,21.08843537414966,78.91156462585033
38,82,120,31.666666666666664,68.33333333333333
76,155,231,32.900432900432904,67.09956709956711
3,18,21,14.285714285714285,85.71428571428571
8,12,20,40.0,60.0
5,59,64,7.8125,92.1875
16,89,105,15.238095238095239,84.76190476190476
3,18,21,14.285714285714285,85.71428571428571
11,27,38,28.947368421052634,71.05263157894737
76,131,207,36.71497584541063,63.28502415458937
12,50,62,19.35483870967742,80.64516129032258
13,97,110,11.818181818181818,88.18181818181819
74,158,232,31.896551724137932,68.10344827586206
8,16,24,33.33333333333333,66.66666666666666
36,71,107,33.64485981308411,66.35514018691589
13,24,37,35.13513513513514,64.86486486486487
33,64,97,34.02061855670103,65.97938144329896
5,22,27,18.51851851851852,81.48148148148148
32,93,125,25.6,74.4
6,28,34,17.647058823529413,82.35294117647058
11,14,25,44.0,56.00000000000001
4,23,27,14.814814814814813,85.18518518518519
64,100,164,39.02439024390244,60.97560975609756
38,77,115,33.04347826086956,66.95652173913044
87,109,196,44.38775510204081,55.61224489795919
5,19,24,20.833333333333336,79.16666666666666
12,76,88,13.636363636363635,86.36363636363636
48,111,159,30.18867924528302,69.81132075471697
37,97,134,27.611940298507463,72.38805970149254
38,96,134,28.35820895522388,71.64179104477611
42,19,61,68.85245901639344,31.147540983606557
69,96,165,41.81818181818181,58.18181818181818
59,84,143,41.25874125874126,58.74125874125874
37,79,116,31.896551724137932,68.10344827586206
5,16,21,23.809523809523807,76.19047619047619
105,140,245,42.857142857142854,57.14285714285714
10,50,60,16.666666666666664,83.33333333333334
42,96,138,30.434782608695656,69.56521739130434
37,135,172,21.511627906976745,78.48837209302324
88,141,229,38.427947598253276,61.572052401746724
62,102,164,37.80487804878049,62.19512195121951
20,147,167,11.976047904191617,88.02395209580838
70,97,167,41.91616766467065,58.08383233532935
107,308,415,25.783132530120483,74.21686746987952
48,184,232,20.689655172413794,79.3103448275862
6,30,36,16.666666666666664,83.33333333333334
79,111,190,41.578947368421055,58.42105263157895
99,85,184,53.80434782608695,46.19565217391305
33,86,119,27.73109243697479,72.26890756302521
12,39,51,23.52941176470588,76.47058823529412
15,116,131,11.450381679389313,88.54961832061069
27,74,101,26.732673267326735,73.26732673267327
3,27,30,10.0,90.0
50,149,199,25.125628140703515,74.87437185929649
12,63,75,16.0,84.0
21,84,105,20.0,80.0
9,35,44,20.454545454545457,79.54545454545455
45,178,223,20.179372197309416,79.82062780269058
26,156,182,14.285714285714285,85.71428571428571
53,231,284,18.661971830985916,81.33802816901408
20,108,128,15.625,84.375
68,93,161,42.2360248447205,57.7639751552795
80,86,166,48.19277108433735,51.80722891566265
93,82,175,53.142857142857146,46.85714285714286
58,206,264,21.96969696969697,78.03030303030303
76,143,219,34.70319634703196,65.29680365296804
78,83,161,48.4472049689441,51.5527950310559
18,209,227,7.929515418502203,92.07048458149781
83,166,249,33.33333333333333,66.66666666666666
66,298,364,18.13186813186813,81.86813186813187
45,191,236,19.06779661016949,80.9322033898305
41,93,134,30.597014925373134,69.40298507462687
21,95,116,18.103448275862068,81.89655172413794
21,149,170,12.352941176470589,87.6470588235294
34,86,120,28.333333333333332,71.66666666666667
24,107,131,18.3206106870229,81.67938931297711
60,166,226,26.548672566371685,73.45132743362832
127,116,243,52.2633744855967,47.73662551440329
38,29,67,56.71641791044776,43.28358208955223
18,82,100,18.0,82.0
62,199,261,23.754789272030653,76.24521072796935
29,143,172,16.86046511627907,83.13953488372093
66,190,256,25.78125,74.21875
8,96,104,7.6923076923076925,92.3076923076923
37,227,264,14.015151515151514,85.98484848484848
45,135,180,25.0,75.0
57,143,200,28.499999999999996,71.5
72,132,204,35.294117647058826,64.70588235294117
59,201,260,22.692307692307693,77.3076923076923
49,259,308,15.909090909090908,84.0909090909091
65,222,287,22.64808362369338,77.35191637630662
29,134,163,17.791411042944784,82.20858895705521
3,18,21,14.285714285714285,85.71428571428571
70,128,198,35.35353535353536,64.64646464646465
20,21,41,48.78048780487805,51.21951219512195
30,113,143,20.97902097902098,79.02097902097903
4,30,34,11.76470588235294,88.23529411764706
53,37,90,58.88888888888889,41.11111111111111
56,91,147,38.095238095238095,61.904761904761905
78,146,224,34.82142857142857,65.17857142857143
4,18,22,18.181818181818183,81.81818181818183
48,199,247,19.4331983805668,80.5668016194332
41,94,135,30.37037037037037,69.62962962962963
67,155,222,30.180180180180184,69.81981981981981
35,57,92,38.04347826086957,61.95652173913043
29,53,82,35.36585365853659,64.63414634146342
41,125,166,24.69879518072289,75.30120481927712
35,59,94,37.234042553191486,62.76595744680851
57,76,133,42.857142857142854,57.14285714285714
32,154,186,17.20430107526882,82.79569892473118
37,139,176,21.022727272727273,78.97727272727273
10,33,43,23.25581395348837,76.74418604651163
41,154,195,21.025641025641026,78.97435897435898
34,189,223,15.246636771300448,84.75336322869956
29,30,59,49.152542372881356,50.847457627118644
23,132,155,14.838709677419354,85.16129032258064
16,53,69,23.18840579710145,76.81159420289855
49,110,159,30.81761006289308,69.18238993710692
54,46,100,54.0,46.0
19,93,112,16.964285714285715,83.03571428571429
38,188,226,16.8141592920354,83.1858407079646
4,28,32,12.5,87.5
48,70,118,40.67796610169492,59.32203389830508
14,107,121,11.570247933884298,88.42975206611571
40,85,125,32.0,68.0
44,123,167,26.34730538922156,73.65269461077844
4,45,49,8.16326530612245,91.83673469387756
5,60,65,7.6923076923076925,92.3076923076923
29,127,156,18.58974358974359,81.41025641025641
40,49,89,44.9438202247191,55.0561797752809
25,40,65,38.46153846153847,61.53846153846154
72,124,196,36.734693877551024,63.26530612244898
45,124,169,26.627218934911244,73.37278106508876
67,197,264,25.37878787878788,74.62121212121212
49,145,194,25.257731958762886,74.74226804123711
27,8,35,77.14285714285715,22.857142857142858
13,31,44,29.545454545454547,70.45454545454545
84,236,320,26.25,73.75
31,75,106,29.245283018867923,70.75471698113208
42,107,149,28.187919463087248,71.81208053691275
19,59,78,24.358974358974358,75.64102564102564
42,64,106,39.62264150943396,60.37735849056604
33,53,86,38.372093023255815,61.627906976744185
66,168,234,28.205128205128204,71.7948717948718
40,37,77,51.94805194805194,48.05194805194805
28,154,182,15.384615384615385,84.61538461538461
48,25,73,65.75342465753424,34.24657534246575
18,102,120,15.0,85.0
40,84,124,32.25806451612903,67.74193548387096
49,40,89,55.0561797752809,44.9438202247191
13,136,149,8.724832214765101,91.2751677852349
29,22,51,56.86274509803921,43.13725490196079
71,100,171,41.52046783625731,58.47953216374269
5,39,44,11.363636363636363,88.63636363636364
113,147,260,43.46153846153846,56.53846153846154
54,33,87,62.06896551724138,37.93103448275862
31,194,225,13.777777777777779,86.22222222222223
32,99,131,24.427480916030532,75.57251908396947
25,138,163,15.337423312883436,84.66257668711657
14,88,102,13.725490196078432,86.27450980392157
10,131,141,7.092198581560284,92.90780141843972
2,36,38,5.263157894736842,94.73684210526315
14,44,58,24.137931034482758,75.86206896551724
19,86,105,18.095238095238095,81.9047619047619
12,23,35,34.285714285714285,65.71428571428571
25,67,92,27.173913043478258,72.82608695652173
40,139,179,22.3463687150838,77.6536312849162
3,35,38,7.894736842105263,92.10526315789474
41,89,130,31.538461538461537,68.46153846153847
23,79,102,22.54901960784314,77.45098039215686
45,158,203,22.167487684729064,77.83251231527095
2,30,32,6.25,93.75
20,77,97,20.618556701030926,79.38144329896907
48,63,111,43.24324324324324,56.75675675675676
41,19,60,68.33333333333333,31.666666666666664
68,68,136,50.0,50.0
46,64,110,41.81818181818181,58.18181818181818
25,134,159,15.723270440251572,84.27672955974843
25,52,77,32.467532467532465,67.53246753246754
28,135,163,17.177914110429448,82.82208588957054
26,81,107,24.299065420560748,75.70093457943925
11,11,22,50.0,50.0
9,17,26,34.61538461538461,65.38461538461539
18,32,50,36.0,64.0
26,212,238,10.92436974789916,89.07563025210085
15,66,81,18.51851851851852,81.48148148148148
29,96,125,23.200000000000003,76.8
8,13,21,38.095238095238095,61.904761904761905
9,83,92,9.782608695652174,90.21739130434783
61,142,203,30.049261083743843,69.95073891625616
54,147,201,26.865671641791046,73.13432835820896
55,121,176,31.25,68.75
12,62,74,16.216216216216218,83.78378378378379
52,140,192,27.083333333333332,72.91666666666666
55,32,87,63.2183908045977,36.7816091954023
26,55,81,32.098765432098766,67.90123456790124
15,71,86,17.441860465116278,82.55813953488372
43,272,315,13.65079365079365,86.34920634920636
58,165,223,26.00896860986547,73.99103139013454
23,65,88,26.136363636363637,73.86363636363636
37,222,259,14.285714285714285,85.71428571428571
30,151,181,16.574585635359114,83.42541436464089
49,127,176,27.84090909090909,72.1590909090909
9,79,88,10.227272727272728,89.77272727272727
7,58,65,10.76923076923077,89.23076923076924
8,58,66,12.121212121212121,87.87878787878788
17,64,81,20.98765432098765,79.01234567901234
13,69,82,15.853658536585366,84.14634146341463
41,66,107,38.31775700934579,61.6822429906542
2,37,39,5.128205128205128,94.87179487179486
69,57,126,54.761904761904766,45.23809523809524
47,117,164,28.65853658536585,71.34146341463415
5,64,69,7.246376811594203,92.7536231884058
62,222,284,21.830985915492956,78.16901408450704
66,115,181,36.46408839779006,63.53591160220995
3,39,42,7.142857142857142,92.85714285714286
13,70,83,15.66265060240964,84.33734939759037
69,59,128,53.90625,46.09375
48,30,78,61.53846153846154,38.46153846153847
95,179,274,34.67153284671533,65.32846715328468
59,58,117,50.427350427350426,49.572649572649574
57,136,193,29.533678756476682,70.46632124352331
6,19,25,24.0,76.0
26,112,138,18.84057971014493,81.15942028985508
45,249,294,15.306122448979592,84.6938775510204
25,116,141,17.73049645390071,82.26950354609929
39,101,140,27.857142857142858,72.14285714285714
19,53,72,26.38888888888889,73.61111111111111
57,229,286,19.93006993006993,80.06993006993007
55,96,151,36.423841059602644,63.576158940397356
43,51,94,45.744680851063826,54.25531914893617
30,114,144,20.833333333333336,79.16666666666666
51,132,183,27.86885245901639,72.1311475409836
64,76,140,45.714285714285715,54.285714285714285
36,40,76,47.368421052631575,52.63157894736842
26,137,163,15.950920245398773,84.04907975460122
6,30,36,16.666666666666664,83.33333333333334
12,106,118,10.16949152542373,89.83050847457628
10,26,36,27.77777777777778,72.22222222222221
32,113,145,22.06896551724138,77.93103448275862
20,37,57,35.08771929824561,64.91228070175438
59,97,156,37.82051282051282,62.17948717948718
11,51,62,17.741935483870968,82.25806451612904
13,25,38,34.21052631578947,65.78947368421053
8,21,29,27.586206896551722,72.41379310344827
44,209,253,17.391304347826086,82.6086956521739
6,19,25,24.0,76.0
6,20,26,23.076923076923077,76.92307692307693
19,81,100,19.0,81.0
32,21,53,60.37735849056604,39.62264150943396
20,181,201,9.950248756218906,90.04975124378109
13,28,41,31.70731707317073,68.29268292682927
13,10,23,56.52173913043478,43.47826086956522
29,57,86,33.72093023255814,66.27906976744185
34,40,74,45.94594594594595,54.054054054054056
36,209,245,14.69387755102041,85.3061224489796
55,49,104,52.88461538461539,47.11538461538461
120,105,225,53.333333333333336,46.666666666666664
37,80,117,31.62393162393162,68.37606837606837
9,61,70,12.857142857142856,87.14285714285714
16,21,37,43.24324324324324,56.75675675675676
64,85,149,42.95302013422819,57.04697986577181
47,128,175,26.857142857142858,73.14285714285714
8,63,71,11.267605633802818,88.73239436619718
103,96,199,51.75879396984925,48.24120603015075
18,97,115,15.65217391304348,84.34782608695653
30,239,269,11.152416356877323,88.84758364312268
12,27,39,30.76923076923077,69.23076923076923
13,22,35,37.142857142857146,62.857142857142854
25,37,62,40.32258064516129,59.67741935483871
20,38,58,34.48275862068966,65.51724137931035
25,25,50,50.0,50.0
21,50,71,29.577464788732392,70.4225352112676
16,24,40,40.0,60.0
23,94,117,19.65811965811966,80.34188034188034
35,133,168,20.833333333333336,79.16666666666666
19,87,106,17.92452830188679,82.0754716981132
4,23,27,14.814814814814813,85.18518518518519
28,119,147,19.047619047619047,80.95238095238095
31,72,103,30.097087378640776,69.90291262135922
9,28,37,24.324324324324326,75.67567567567568
36,98,134,26.865671641791046,73.13432835820896
21,35,56,37.5,62.5
56,53,109,51.37614678899083,48.62385321100918
13,111,124,10.483870967741936,89.51612903225806
2,29,31,6.451612903225806,93.54838709677419
65,47,112,58.03571428571429,41.964285714285715
5,41,46,10.869565217391305,89.13043478260869
4,75,79,5.063291139240507,94.9367088607595
26,176,202,12.871287128712872,87.12871287128714
6,62,68,8.823529411764707,91.17647058823529
28,113,141,19.858156028368796,80.1418439716312
9,31,40,22.5,77.5
10,70,80,12.5,87.5
63,105,168,37.5,62.5
109,94,203,53.69458128078818,46.30541871921182
98,106,204,48.03921568627451,51.9607843137255
44,62,106,41.509433962264154,58.490566037735846
8,99,107,7.476635514018691,92.5233644859813
22,20,42,52.38095238095239,47.61904761904761
59,51,110,53.63636363636364,46.36363636363636
8,25,33,24.242424242424242,75.75757575757575
103,103,206,50.0,50.0
95,78,173,54.91329479768786,45.08670520231214
5,22,27,18.51851851851852,81.48148148148148
11,99,110,10.0,90.0
43,152,195,22.05128205128205,77.94871794871796
41,79,120,34.166666666666664,65.83333333333333
32,50,82,39.02439024390244,60.97560975609756
11,32,43,25.581395348837212,74.4186046511628
25,196,221,11.312217194570136,88.68778280542986
38,140,178,21.34831460674157,78.65168539325843
8,42,50,16.0,84.0
24,139,163,14.723926380368098,85.2760736196319
38,125,163,23.31288343558282,76.68711656441718
82,142,224,36.607142857142854,63.39285714285714
80,120,200,40.0,60.0
27,92,119,22.689075630252102,77.31092436974791
12,24,36,33.33333333333333,66.66666666666666
7,58,65,10.76923076923077,89.23076923076924
55,211,266,20.676691729323306,79.32330827067669
6,23,29,20.689655172413794,79.3103448275862
55,141,196,28.061224489795915,71.93877551020408
10,17,27,37.03703703703704,62.96296296296296
34,206,240,14.166666666666666,85.83333333333333
59,124,183,32.240437158469945,67.75956284153006
44,216,260,16.923076923076923,83.07692307692308
33,82,115,28.695652173913043,71.30434782608695
6,23,29,20.689655172413794,79.3103448275862
33,214,247,13.360323886639677,86.63967611336032
63,58,121,52.066115702479344,47.93388429752066
30,160,190,15.789473684210526,84.21052631578947
38,176,214,17.75700934579439,82.2429906542056
17,57,74,22.972972972972975,77.02702702702703
46,110,156,29.48717948717949,70.51282051282051
66,125,191,34.55497382198953,65.44502617801047
90,109,199,45.22613065326633,54.773869346733676
26,71,97,26.804123711340207,73.19587628865979
30,52,82,36.58536585365854,63.41463414634146
21,158,179,11.731843575418994,88.26815642458101
19,61,80,23.75,76.25
70,98,168,41.66666666666667,58.333333333333336
67,241,308,21.753246753246753,78.24675324675324
52,143,195,26.666666666666668,73.33333333333333
76,105,181,41.988950276243095,58.011049723756905
10,38,48,20.833333333333336,79.16666666666666
75,109,184,40.76086956521739,59.2391304347826
40,64,104,38.46153846153847,61.53846153846154
73,250,323,22.60061919504644,77.39938080495357
5,29,34,14.705882352941178,85.29411764705883
105,114,219,47.94520547945205,52.054794520547944
131,147,278,47.122302158273385,52.87769784172662
98,84,182,53.84615384615385,46.15384615384615
38,119,157,24.203821656050955,75.79617834394905
43,77,120,35.833333333333336,64.16666666666667
41,158,199,20.603015075376884,79.39698492462311
53,246,299,17.725752508361204,82.2742474916388
64,61,125,51.2,48.8
65,230,295,22.033898305084744,77.96610169491525
58,61,119,48.739495798319325,51.26050420168067
3,41,44,6.8181818181818175,93.18181818181817
51,168,219,23.28767123287671,76.71232876712328
43,50,93,46.236559139784944,53.76344086021505
32,135,167,19.16167664670659,80.83832335329342
79,119,198,39.8989898989899,60.1010101010101
122,98,220,55.45454545454545,44.54545454545455
22,110,132,16.666666666666664,83.33333333333334
52,62,114,45.614035087719294,54.385964912280706
90,270,360,25.0,75.0
30,163,193,15.544041450777202,84.4559585492228
15,99,114,13.157894736842104,86.8421052631579
17,93,110,15.454545454545453,84.54545454545455
79,140,219,36.07305936073059,63.926940639269404
39,78,117,33.33333333333333,66.66666666666666
64,117,181,35.35911602209944,64.64088397790056
10,21,31,32.25806451612903,67.74193548387096
12,27,39,30.76923076923077,69.23076923076923
4,21,25,16.0,84.0
3,29,32,9.375,90.625
22,132,154,14.285714285714285,85.71428571428571
21,33,54,38.88888888888889,61.111111111111114
20,31,51,39.21568627450981,60.78431372549019
13,85,98,13.26530612244898,86.73469387755102
16,92,108,14.814814814814813,85.18518518518519
61,178,239,25.523012552301257,74.47698744769873
41,132,173,23.699421965317917,76.30057803468208
32,146,178,17.97752808988764,82.02247191011236
23,17,40,57.49999999999999,42.5
66,80,146,45.20547945205479,54.794520547945204
35,78,113,30.973451327433626,69.02654867256636
40,135,175,22.857142857142858,77.14285714285715
5,31,36,13.88888888888889,86.11111111111111
61,169,230,26.521739130434785,73.47826086956522
33,326,359,9.192200557103064,90.80779944289694
11,11,22,50.0,50.0
41,173,214,19.158878504672895,80.8411214953271
33,20,53,62.264150943396224,37.735849056603776
24,32,56,42.857142857142854,57.14285714285714
85,229,314,27.070063694267514,72.92993630573248
29,93,122,23.770491803278688,76.22950819672131
33,162,195,16.923076923076923,83.07692307692308
93,99,192,48.4375,51.5625
63,93,156,40.38461538461539,59.61538461538461
6,29,35,17.142857142857142,82.85714285714286
5,44,49,10.204081632653061,89.79591836734694
27,105,132,20.454545454545457,79.54545454545455
82,110,192,42.70833333333333,57.291666666666664
55,90,145,37.93103448275862,62.06896551724138
80,52,132,60.60606060606061,39.39393939393939
10,17,27,37.03703703703704,62.96296296296296
77,92,169,45.562130177514796,54.437869822485204
35,36,71,49.29577464788733,50.70422535211267
54,54,108,50.0,50.0
52,144,196,26.53061224489796,73.46938775510205
52,72,124,41.935483870967744,58.06451612903226
65,86,151,43.04635761589404,56.95364238410596
25,120,145,17.24137931034483,82.75862068965517
35,241,276,12.681159420289855,87.31884057971014
40,94,134,29.850746268656714,70.1492537313433
3,42,45,6.666666666666667,93.33333333333333
51,220,271,18.81918819188192,81.18081180811808
15,108,123,12.195121951219512,87.8048780487805
69,183,252,27.380952380952383,72.61904761904762
17,118,135,12.592592592592592,87.4074074074074
51,80,131,38.93129770992366,61.06870229007634
25,93,118,21.1864406779661,78.8135593220339
19,147,166,11.44578313253012,88.55421686746988
11,21,32,34.375,65.625
15,65,80,18.75,81.25
32,148,180,17.77777777777778,82.22222222222221
31,192,223,13.901345291479823,86.09865470852019
12,31,43,27.906976744186046,72.09302325581395
6,27,33,18.181818181818183,81.81818181818183
86,124,210,40.95238095238095,59.04761904761905
32,116,148,21.62162162162162,78.37837837837837
137,146,283,48.409893992932865,51.590106007067135
3,27,30,10.0,90.0
103,241,344,29.941860465116278,70.05813953488372
46,37,83,55.42168674698795,44.57831325301205
8,36,44,18.181818181818183,81.81818181818183
6,53,59,10.16949152542373,89.83050847457628
28,118,146,19.17808219178082,80.82191780821918
21,188,209,10.047846889952153,89.95215311004785
26,13,39,66.66666666666666,33.33333333333333
16,46,62,25.806451612903224,74.19354838709677
14,111,125,11.200000000000001,88.8
14,67,81,17.28395061728395,82.71604938271605
38,162,200,19.0,81.0
50,127,177,28.24858757062147,71.75141242937853
72,68,140,51.42857142857142,48.57142857142857
14,22,36,38.88888888888889,61.111111111111114
71,172,243,29.218106995884774,70.78189300411523
25,69,94,26.595744680851062,73.40425531914893
35,60,95,36.84210526315789,63.1578947368421
44,126,170,25.882352941176475,74.11764705882354
35,211,246,14.227642276422763,85.77235772357723
46,35,81,56.79012345679012,43.20987654320987
40,130,170,23.52941176470588,76.47058823529412
32,79,111,28.82882882882883,71.17117117117117
22,147,169,13.017751479289942,86.98224852071006
98,104,202,48.51485148514851,51.48514851485149
70,160,230,30.434782608695656,69.56521739130434
31,27,58,53.44827586206896,46.55172413793103
17,62,79,21.518987341772153,78.48101265822784
51,72,123,41.46341463414634,58.536585365853654
5,29,34,14.705882352941178,85.29411764705883
58,108,166,34.93975903614458,65.06024096385542
19,121,140,13.571428571428571,86.42857142857143
13,24,37,35.13513513513514,64.86486486486487
18,103,121,14.87603305785124,85.12396694214877
22,148,170,12.941176470588237,87.05882352941177
34,40,74,45.94594594594595,54.054054054054056
18,70,88,20.454545454545457,79.54545454545455
76,279,355,21.408450704225352,78.59154929577464
41,59,100,41.0,59.0
90,66,156,57.692307692307686,42.30769230769231
127,138,265,47.924528301886795,52.075471698113205
57,226,283,20.141342756183743,79.85865724381625
33,50,83,39.75903614457831,60.24096385542169
15,27,42,35.714285714285715,64.28571428571429
6,29,35,17.142857142857142,82.85714285714286
66,187,253,26.08695652173913,73.91304347826086
50,278,328,15.24390243902439,84.7560975609756
14,11,25,56.00000000000001,44.0
9,32,41,21.951219512195124,78.04878048780488
27,12,39,69.23076923076923,30.76923076923077
41,54,95,43.15789473684211,56.84210526315789
7,62,69,10.144927536231885,89.85507246376811
9,24,33,27.27272727272727,72.72727272727273
77,190,267,28.83895131086142,71.16104868913857
12,74,86,13.953488372093023,86.04651162790698
36,199,235,15.319148936170212,84.68085106382979
15,73,88,17.045454545454543,82.95454545454545
31,37,68,45.588235294117645,54.41176470588235
91,127,218,41.74311926605505,58.256880733944946
73,80,153,47.712418300653596,52.28758169934641
56,78,134,41.7910447761194,58.2089552238806
44,202,246,17.88617886178862,82.11382113821138
77,104,181,42.5414364640884,57.4585635359116
38,58,96,39.58333333333333,60.416666666666664
20,111,131,15.267175572519085,84.7328244274809
36,33,69,52.17391304347826,47.82608695652174
36,189,225,16.0,84.0
74,128,202,36.633663366336634,63.366336633663366
31,25,56,55.35714285714286,44.642857142857146
36,25,61,59.01639344262295,40.98360655737705
57,102,159,35.84905660377358,64.15094339622641
34,184,218,15.59633027522936,84.40366972477065
23,96,119,19.327731092436977,80.67226890756302
59,145,204,28.921568627450984,71.07843137254902
10,28,38,26.31578947368421,73.68421052631578
32,242,274,11.678832116788321,88.32116788321169
35,89,124,28.225806451612907,71.7741935483871
80,133,213,37.558685446009385,62.441314553990615
64,93,157,40.76433121019109,59.23566878980891
31,156,187,16.577540106951872,83.42245989304813
46,248,294,15.646258503401361,84.35374149659864
39,97,136,28.676470588235293,71.32352941176471
11,41,52,21.153846153846153,78.84615384615384
19,36,55,34.54545454545455,65.45454545454545
52,66,118,44.06779661016949,55.932203389830505
7,35,42,16.666666666666664,83.33333333333334
35,92,127,27.559055118110237,72.44094488188976
31,166,197,15.736040609137056,84.26395939086294
19,35,54,35.18518518518518,64.81481481481481
24,143,167,14.37125748502994,85.62874251497006
41,104,145,28.27586206896552,71.72413793103448
47,148,195,24.102564102564102,75.8974358974359
2,21,23,8.695652173913043,91.30434782608695
41,96,137,29.927007299270077,70.07299270072993
43,45,88,48.86363636363637,51.13636363636363
48,36,84,57.14285714285714,42.857142857142854
26,60,86,30.23255813953488,69.76744186046511
86,62,148,58.108108108108105,41.891891891891895
23,113,136,16.911764705882355,83.08823529411765
58,81,139,41.726618705035975,58.27338129496403
118,105,223,52.91479820627802,47.08520179372198
58,188,246,23.577235772357724,76.42276422764228
3,21,24,12.5,87.5
114,150,264,43.18181818181818,56.81818181818182
32,97,129,24.8062015503876,75.1937984496124
33,99,132,25.0,75.0
14,42,56,25.0,75.0
72,151,223,32.28699551569507,67.71300448430493
50,178,228,21.929824561403507,78.0701754385965
35,92,127,27.559055118110237,72.44094488188976
64,289,353,18.13031161473088,81.86968838526913
22,86,108,20.37037037037037,79.62962962962963
40,70,110,36.36363636363637,63.63636363636363
48,172,220,21.818181818181817,78.18181818181819
7,31,38,18.421052631578945,81.57894736842105
18,32,50,36.0,64.0
23,79,102,22.54901960784314,77.45098039215686
5,22,27,18.51851851851852,81.48148148148148
60,244,304,19.736842105263158,80.26315789473685
21,21,42,50.0,50.0
46,87,133,34.58646616541353,65.41353383458647
33,252,285,11.578947368421053,88.42105263157895
88,103,191,46.07329842931937,53.92670157068062
101,102,203,49.75369458128079,50.24630541871922
10,33,43,23.25581395348837,76.74418604651163
24,128,152,15.789473684210526,84.21052631578947
70,113,183,38.25136612021858,61.74863387978142
79,157,236,33.47457627118644,66.52542372881356
200,217,417,47.961630695443645,52.038369304556355
30,95,125,24.0,76.0
57,66,123,46.34146341463415,53.65853658536586
59,172,231,25.541125541125542,74.45887445887446
12,54,66,18.181818181818183,81.81818181818183
35,47,82,42.68292682926829,57.3170731707317
43,86,129,33.33333333333333,66.66666666666666
53,283,336,15.773809523809524,84.22619047619048
96,86,182,52.74725274725275,47.25274725274725
64,43,107,59.813084112149525,40.18691588785047
80,150,230,34.78260869565217,65.21739130434783
44,120,164,26.82926829268293,73.17073170731707
8,28,36,22.22222222222222,77.77777777777779
39,182,221,17.647058823529413,82.35294117647058
23,49,72,31.944444444444443,68.05555555555556
44,114,158,27.848101265822784,72.15189873417721
46,72,118,38.983050847457626,61.016949152542374
55,130,185,29.72972972972973,70.27027027027027
34,33,67,50.74626865671642,49.25373134328358
30,51,81,37.03703703703704,62.96296296296296
105,90,195,53.84615384615385,46.15384615384615
71,160,231,30.735930735930733,69.26406926406926
66,39,105,62.857142857142854,37.142857142857146
2,53,55,3.6363636363636362,96.36363636363636
46,147,193,23.83419689119171,76.16580310880829
93,117,210,44.285714285714285,55.714285714285715
18,249,267,6.741573033707865,93.25842696629213
19,22,41,46.34146341463415,53.65853658536586
11,18,29,37.93103448275862,62.06896551724138
17,74,91,18.681318681318682,81.31868131868131
4,37,41,9.75609756097561,90.2439024390244
13,80,93,13.978494623655912,86.02150537634408
29,135,164,17.682926829268293,82.3170731707317
25,173,198,12.626262626262626,87.37373737373737
30,86,116,25.862068965517242,74.13793103448276
99,90,189,52.38095238095239,47.61904761904761
50,53,103,48.54368932038835,51.45631067961165
23,29,52,44.230769230769226,55.769230769230774
7,17,24,29.166666666666668,70.83333333333334
27,77,104,25.961538461538463,74.03846153846155
18,57,75,24.0,76.0
19,114,133,14.285714285714285,85.71428571428571
2,39,41,4.878048780487805,95.1219512195122
1,28,29,3.4482758620689653,96.55172413793103
7,51,58,12.068965517241379,87.93103448275862
10,77,87,11.494252873563218,88.50574712643679
55,63,118,46.61016949152542,53.38983050847458
11,61,72,15.277777777777779,84.72222222222221
29,248,277,10.469314079422382,89.53068592057761
57,38,95,60.0,40.0
45,15,60,75.0,25.0
62,220,282,21.98581560283688,78.01418439716312
7,85,92,7.608695652173914,92.3913043478261
71,257,328,21.646341463414632,78.35365853658537
39,42,81,48.148148148148145,51.85185185185185
37,161,198,18.68686868686869,81.31313131313132
70,120,190,36.84210526315789,63.1578947368421
47,300,347,13.544668587896252,86.45533141210375
53,77,130,40.76923076923077,59.23076923076923
44,121,165,26.666666666666668,73.33333333333333
14,22,36,38.88888888888889,61.111111111111114
21,68,89,23.595505617977526,76.40449438202246
50,264,314,15.92356687898089,84.07643312101911
25,38,63,39.682539682539684,60.317460317460316
28,194,222,12.612612612612612,87.38738738738738
15,92,107,14.018691588785046,85.98130841121495
15,71,86,17.441860465116278,82.55813953488372
49,62,111,44.14414414414414,55.85585585585585
15,28,43,34.883720930232556,65.11627906976744
75,44,119,63.02521008403361,36.97478991596639
3,18,21,14.285714285714285,85.71428571428571
109,132,241,45.22821576763486,54.77178423236515
13,17,30,43.333333333333336,56.666666666666664
8,57,65,12.307692307692308,87.6923076923077
88,160,248,35.483870967741936,64.51612903225806
69,108,177,38.983050847457626,61.016949152542374
112,123,235,47.65957446808511,52.34042553191489
13,90,103,12.62135922330097,87.37864077669903
42,84,126,33.33333333333333,66.66666666666666
17,186,203,8.374384236453201,91.62561576354679
45,164,209,21.5311004784689,78.4688995215311
57,190,247,23.076923076923077,76.92307692307693
44,112,156,28.205128205128204,71.7948717948718
25,19,44,56.81818181818182,43.18181818181818
6,15,21,28.57142857142857,71.42857142857143
58,71,129,44.96124031007752,55.03875968992248
27,186,213,12.676056338028168,87.32394366197182
13,25,38,34.21052631578947,65.78947368421053
24,237,261,9.195402298850574,90.80459770114942
73,45,118,61.86440677966102,38.13559322033898
89,319,408,21.813725490196077,78.18627450980392
18,14,32,56.25,43.75
121,272,393,30.788804071246815,69.21119592875317
5,30,35,14.285714285714285,85.71428571428571
48,117,165,29.09090909090909,70.9090909090909
71,65,136,52.20588235294118,47.794117647058826
51,270,321,15.887850467289718,84.11214953271028
29,39,68,42.64705882352941,57.35294117647059
28,137,165,16.969696969696972,83.03030303030303
15,34,49,30.612244897959183,69.38775510204081
5,25,30,16.666666666666664,83.33333333333334
2,19,21,9.523809523809524,90.47619047619048
14,41,55,25.454545454545453,74.54545454545455
90,100,190,47.368421052631575,52.63157894736842
75,98,173,43.35260115606936,56.64739884393064
91,142,233,39.05579399141631,60.94420600858369
26,274,300,8.666666666666668,91.33333333333333
33,56,89,37.07865168539326,62.92134831460674
73,82,155,47.096774193548384,52.903225806451616
31,55,86,36.04651162790697,63.95348837209303
49,39,88,55.68181818181818,44.31818181818182
20,134,154,12.987012987012985,87.01298701298701
1,26,27,3.7037037037037033,96.29629629629629
28,122,150,18.666666666666668,81.33333333333333
51,146,197,25.888324873096447,74.11167512690355
45,209,254,17.716535433070867,82.28346456692913
4,30,34,11.76470588235294,88.23529411764706
17,62,79,21.518987341772153,78.48101265822784
8,25,33,24.242424242424242,75.75757575757575
77,294,371,20.754716981132077,79.24528301886792
11,21,32,34.375,65.625
38,223,261,14.559386973180077,85.44061302681992
40,92,132,30.303030303030305,69.6969696969697
77,98,175,44.0,56.00000000000001
34,99,133,25.563909774436087,74.43609022556392
5,49,54,9.25925925925926,90.74074074074075
7,22,29,24.137931034482758,75.86206896551724
19,71,90,21.11111111111111,78.88888888888889
56,123,179,31.28491620111732,68.71508379888269
69,58,127,54.330708661417326,45.66929133858268
18,28,46,39.130434782608695,60.86956521739131
72,390,462,15.584415584415584,84.4155844155844
38,230,268,14.17910447761194,85.82089552238806
19,285,304,6.25,93.75
107,146,253,42.29249011857708,57.70750988142292
31,71,102,30.392156862745097,69.6078431372549
78,229,307,25.407166123778502,74.5928338762215
1,22,23,4.3478260869565215,95.65217391304348
11,10,21,52.38095238095239,47.61904761904761
13,40,53,24.528301886792452,75.47169811320755
46,130,176,26.136363636363637,73.86363636363636
113,265,378,29.894179894179896,70.1058201058201
71,115,186,38.17204301075269,61.82795698924731
42,96,138,30.434782608695656,69.56521739130434
105,108,213,49.29577464788733,50.70422535211267
24,78,102,23.52941176470588,76.47058823529412
70,64,134,52.23880597014925,47.76119402985074
57,128,185,30.810810810810814,69.1891891891892
6,15,21,28.57142857142857,71.42857142857143
62,152,214,28.971962616822427,71.02803738317756
76,94,170,44.70588235294118,55.294117647058826
23,177,200,11.5,88.5
28,32,60,46.666666666666664,53.333333333333336
34,93,127,26.77165354330709,73.22834645669292
23,130,153,15.032679738562091,84.9673202614379
18,83,101,17.82178217821782,82.17821782178217
20,46,66,30.303030303030305,69.6969696969697
36,148,184,19.565217391304348,80.43478260869566
6,25,31,19.35483870967742,80.64516129032258
6,54,60,10.0,90.0
3,31,34,8.823529411764707,91.17647058823529
24,100,124,19.35483870967742,80.64516129032258
5,65,70,7.142857142857142,92.85714285714286
69,64,133,51.8796992481203,48.1203007518797
4,30,34,11.76470588235294,88.23529411764706
26,119,145,17.93103448275862,82.06896551724138
13,12,25,52.0,48.0
112,226,338,33.13609467455622,66.86390532544378
54,93,147,36.734693877551024,63.26530612244898
2,28,30,6.666666666666667,93.33333333333333
37,40,77,48.05194805194805,51.94805194805194
15,20,35,42.857142857142854,57.14285714285714
84,222,306,27.450980392156865,72.54901960784314
138,345,483,28.57142857142857,71.42857142857143
122,195,317,38.48580441640379,61.51419558359621
65,188,253,25.691699604743086,74.30830039525692
51,128,179,28.49162011173184,71.50837988826815
55,128,183,30.05464480874317,69.94535519125684
127,258,385,32.98701298701299,67.01298701298701
110,204,314,35.03184713375796,64.96815286624204
31,14,45,68.88888888888889,31.11111111111111
90,366,456,19.736842105263158,80.26315789473685
108,396,504,21.428571428571427,78.57142857142857
114,297,411,27.73722627737226,72.26277372262774
21,128,149,14.093959731543624,85.90604026845638
33,26,59,55.932203389830505,44.06779661016949
81,348,429,18.88111888111888,81.11888111888112
17,43,60,28.333333333333332,71.66666666666667
71,115,186,38.17204301075269,61.82795698924731
57,101,158,36.075949367088604,63.92405063291139
40,44,84,47.61904761904761,52.38095238095239
34,118,152,22.36842105263158,77.63157894736842
16,25,41,39.02439024390244,60.97560975609756
94,214,308,30.519480519480517,69.48051948051948
6,90,96,6.25,93.75
11,78,89,12.359550561797752,87.64044943820225
14,59,73,19.17808219178082,80.82191780821918
24,280,304,7.894736842105263,92.10526315789474
18,201,219,8.21917808219178,91.78082191780823
87,83,170,51.17647058823529,48.8235294117647
63,105,168,37.5,62.5
51,201,252,20.238095238095237,79.76190476190477
42,116,158,26.582278481012654,73.41772151898735
61,194,255,23.92156862745098,76.07843137254902
24,38,62,38.70967741935484,61.29032258064516
10,50,60,16.666666666666664,83.33333333333334
17,139,156,10.897435897435898,89.1025641025641
27,91,118,22.88135593220339,77.11864406779661
37,143,180,20.555555555555554,79.44444444444444
50,115,165,30.303030303030305,69.6969696969697
8,91,99,8.080808080808081,91.91919191919192
14,150,164,8.536585365853659,91.46341463414635
7,26,33,21.21212121212121,78.78787878787878
15,44,59,25.423728813559322,74.57627118644068
13,62,75,17.333333333333336,82.66666666666667
12,58,70,17.142857142857142,82.85714285714286
40,170,210,19.047619047619047,80.95238095238095
8,81,89,8.98876404494382,91.01123595505618
22,110,132,16.666666666666664,83.33333333333334
3,33,36,8.333333333333332,91.66666666666666
28,41,69,40.57971014492754,59.42028985507246
40,262,302,13.245033112582782,86.75496688741721
63,137,200,31.5,68.5
7,15,22,31.818181818181817,68.18181818181817
94,106,200,47.0,53.0
21,10,31,67.74193548387096,32.25806451612903
9,72,81,11.11111111111111,88.88888888888889
18,77,95,18.947368421052634,81.05263157894737
9,26,35,25.71428571428571,74.28571428571429
33,154,187,17.647058823529413,82.35294117647058
48,100,148,32.432432432432435,67.56756756756756
10,62,72,13.88888888888889,86.11111111111111
31,30,61,50.81967213114754,49.18032786885246
46,195,241,19.08713692946058,80.91286307053942
11,127,138,7.971014492753622,92.02898550724638
38,200,238,15.966386554621847,84.03361344537815
22,21,43,51.162790697674424,48.837209302325576
13,64,77,16.883116883116884,83.11688311688312
135,94,229,58.951965065502186,41.04803493449782
61,254,315,19.365079365079367,80.63492063492063
78,363,441,17.687074829931973,82.31292517006803
53,145,198,26.767676767676768,73.23232323232324
69,53,122,56.557377049180324,43.44262295081967
19,21,40,47.5,52.5
38,165,203,18.7192118226601,81.2807881773399
53,48,101,52.475247524752476,47.524752475247524
39,83,122,31.967213114754102,68.0327868852459
30,111,141,21.27659574468085,78.72340425531915
85,335,420,20.238095238095237,79.76190476190477
9,30,39,23.076923076923077,76.92307692307693
12,75,87,13.793103448275861,86.20689655172413
81,172,253,32.015810276679844,67.98418972332016
22,113,135,16.296296296296298,83.7037037037037
33,84,117,28.205128205128204,71.7948717948718
69,100,169,40.828402366863905,59.171597633136095
53,106,159,33.33333333333333,66.66666666666666
60,55,115,52.17391304347826,47.82608695652174
37,100,137,27.00729927007299,72.99270072992701
26,99,125,20.8,79.2
97,100,197,49.23857868020304,50.76142131979695
122,181,303,40.26402640264026,59.73597359735974
92,91,183,50.27322404371585,49.72677595628415
54,395,449,12.026726057906458,87.97327394209354
33,87,120,27.500000000000004,72.5
14,79,93,15.053763440860216,84.94623655913979
78,127,205,38.048780487804876,61.951219512195124
16,88,104,15.384615384615385,84.61538461538461
26,201,227,11.45374449339207,88.54625550660793
25,67,92,27.173913043478258,72.82608695652173
87,198,285,30.526315789473685,69.47368421052632
17,60,77,22.07792207792208,77.92207792207793
19,26,45,42.22222222222222,57.77777777777777
61,112,173,35.26011560693642,64.73988439306359
5,16,21,23.809523809523807,76.19047619047619
43,228,271,15.867158671586715,84.13284132841329
48,289,337,14.243323442136498,85.7566765578635
28,18,46,60.86956521739131,39.130434782608695
6,100,106,5.660377358490567,94.33962264150944
23,85,108,21.296296296296298,78.70370370370371
56,86,142,39.436619718309856,60.56338028169014
74,122,196,37.755102040816325,62.244897959183675
53,115,168,31.547619047619047,68.45238095238095
11,26,37,29.72972972972973,70.27027027027027
51,171,222,22.972972972972975,77.02702702702703
36,118,154,23.376623376623375,76.62337662337663
10,12,22,45.45454545454545,54.54545454545454
148,316,464,31.896551724137932,68.10344827586206
15,12,27,55.55555555555556,44.44444444444444
48,46,94,51.06382978723404,48.93617021276596
9,109,118,7.627118644067797,92.37288135593221
37,219,256,14.453125,85.546875
8,23,31,25.806451612903224,74.19354838709677
157,256,413,38.01452784503632,61.98547215496368
12,72,84,14.285714285714285,85.71428571428571
34,11,45,75.55555555555556,24.444444444444443
21,51,72,29.166666666666668,70.83333333333334
14,30,44,31.818181818181817,68.18181818181817
59,157,216,27.314814814814813,72.68518518518519
90,283,373,24.128686327077748,75.87131367292224
134,324,458,29.257641921397383,70.74235807860262
66,210,276,23.91304347826087,76.08695652173914
36,230,266,13.533834586466165,86.46616541353383
31,161,192,16.145833333333336,83.85416666666666
14,76,90,15.555555555555555,84.44444444444444
26,174,200,13.0,87.0
13,54,67,19.402985074626866,80.59701492537313
43,85,128,33.59375,66.40625
19,31,50,38.0,62.0
23,192,215,10.69767441860465,89.30232558139535
59,85,144,40.97222222222222,59.02777777777778
7,44,51,13.725490196078432,86.27450980392157
8,59,67,11.940298507462686,88.05970149253731
10,134,144,6.944444444444445,93.05555555555556
6,30,36,16.666666666666664,83.33333333333334
9,23,32,28.125,71.875
24,69,93,25.806451612903224,74.19354838709677
11,94,105,10.476190476190476,89.52380952380953
13,24,37,35.13513513513514,64.86486486486487
83,122,205,40.487804878048784,59.512195121951216
15,40,55,27.27272727272727,72.72727272727273
34,187,221,15.384615384615385,84.61538461538461
62,165,227,27.312775330396477,72.68722466960352
6,15,21,28.57142857142857,71.42857142857143
58,312,370,15.675675675675677,84.32432432432432
78,427,505,15.445544554455445,84.55445544554455
12,11,23,52.17391304347826,47.82608695652174
58,151,209,27.751196172248804,72.24880382775119
59,198,257,22.957198443579767,77.04280155642024
134,164,298,44.966442953020135,55.033557046979865
90,94,184,48.91304347826087,51.08695652173913
41,92,133,30.82706766917293,69.17293233082707
12,78,90,13.333333333333334,86.66666666666667
49,45,94,52.12765957446809,47.87234042553192
15,77,92,16.304347826086957,83.69565217391305
56,80,136,41.17647058823529,58.82352941176471
5,41,46,10.869565217391305,89.13043478260869
37,142,179,20.670391061452513,79.3296089385475
99,248,347,28.530259365994237,71.46974063400576
35,80,115,30.434782608695656,69.56521739130434
32,79,111,28.82882882882883,71.17117117117117
42,184,226,18.58407079646018,81.41592920353983
98,120,218,44.95412844036697,55.04587155963303
61,72,133,45.86466165413533,54.13533834586466
25,39,64,39.0625,60.9375
14,29,43,32.55813953488372,67.44186046511628
76,154,230,33.04347826086956,66.95652173913044
40,99,139,28.776978417266186,71.22302158273382
49,98,147,33.33333333333333,66.66666666666666
41,262,303,13.531353135313532,86.46864686468648
34,185,219,15.52511415525114,84.47488584474885
73,72,145,50.3448275862069,49.6551724137931
5,17,22,22.727272727272727,77.27272727272727
2,26,28,7.142857142857142,92.85714285714286
68,67,135,50.37037037037037,49.629629629629626
60,276,336,17.857142857142858,82.14285714285714
39,48,87,44.827586206896555,55.172413793103445
17,123,140,12.142857142857142,87.85714285714286
23,5,28,82.14285714285714,17.857142857142858
15,125,140,10.714285714285714,89.28571428571429
9,26,35,25.71428571428571,74.28571428571429
13,41,54,24.074074074074073,75.92592592592592
8,76,84,9.523809523809524,90.47619047619048
12,59,71,16.901408450704224,83.09859154929578
34,306,340,10.0,90.0
11,122,133,8.270676691729323,91.72932330827066
15,82,97,15.463917525773196,84.5360824742268
10,34,44,22.727272727272727,77.27272727272727
15,128,143,10.48951048951049,89.5104895104895
135,114,249,54.21686746987952,45.78313253012048
27,181,208,12.980769230769232,87.01923076923077
65,227,292,22.26027397260274,77.73972602739725
70,236,306,22.875816993464053,77.12418300653596
60,108,168,35.714285714285715,64.28571428571429
25,228,253,9.881422924901186,90.11857707509881
61,50,111,54.95495495495496,45.04504504504504
63,88,151,41.72185430463576,58.27814569536424
7,17,24,29.166666666666668,70.83333333333334
40,344,384,10.416666666666668,89.58333333333334
15,49,64,23.4375,76.5625
17,14,31,54.83870967741935,45.16129032258064
14,84,98,14.285714285714285,85.71428571428571
93,90,183,50.81967213114754,49.18032786885246
33,64,97,34.02061855670103,65.97938144329896
72,430,502,14.342629482071715,85.65737051792829
13,158,171,7.602339181286549,92.39766081871345
14,40,54,25.925925925925924,74.07407407407408
16,54,70,22.857142857142858,77.14285714285715
37,153,190,19.473684210526315,80.52631578947368
67,76,143,46.85314685314685,53.14685314685315
74,195,269,27.509293680297397,72.4907063197026
58,368,426,13.615023474178404,86.3849765258216
24,34,58,41.37931034482759,58.620689655172406
82,101,183,44.80874316939891,55.19125683060109
35,176,211,16.587677725118482,83.41232227488152
127,275,402,31.592039800995025,68.40796019900498
29,77,106,27.358490566037734,72.64150943396226
68,132,200,34.0,66.0
133,145,278,47.84172661870504,52.15827338129496
11,25,36,30.555555555555557,69.44444444444444
95,197,292,32.534246575342465,67.46575342465754
14,120,134,10.44776119402985,89.55223880597015
52,343,395,13.164556962025317,86.83544303797468
49,136,185,26.486486486486488,73.51351351351352
48,61,109,44.03669724770643,55.96330275229357
37,88,125,29.599999999999998,70.39999999999999
25,213,238,10.504201680672269,89.49579831932773
12,38,50,24.0,76.0
34,279,313,10.86261980830671,89.1373801916933
18,54,72,25.0,75.0
66,185,251,26.294820717131472,73.70517928286853
33,30,63,52.38095238095239,47.61904761904761
134,157,291,46.04810996563574,53.95189003436426
13,170,183,7.103825136612022,92.89617486338798
53,63,116,45.689655172413794,54.310344827586206
27,33,60,45.0,55.00000000000001
130,109,239,54.39330543933054,45.60669456066946
51,211,262,19.46564885496183,80.53435114503816
11,29,40,27.500000000000004,72.5
34,244,278,12.23021582733813,87.76978417266187
89,127,216,41.2037037037037,58.79629629629629
66,212,278,23.741007194244602,76.2589928057554
30,177,207,14.492753623188406,85.5072463768116
14,14,28,50.0,50.0
31,75,106,29.245283018867923,70.75471698113208
16,146,162,9.876543209876543,90.12345679012346
45,132,177,25.423728813559322,74.57627118644068
40,66,106,37.735849056603776,62.264150943396224
50,197,247,20.242914979757085,79.75708502024291
109,178,287,37.97909407665505,62.02090592334495
82,232,314,26.11464968152866,73.88535031847134
25,79,104,24.03846153846154,75.96153846153845
47,245,292,16.095890410958905,83.9041095890411
69,288,357,19.327731092436977,80.67226890756302
60,218,278,21.58273381294964,78.41726618705036
15,16,31,48.38709677419355,51.61290322580645
35,151,186,18.817204301075268,81.18279569892472
79,88,167,47.30538922155689,52.69461077844312
21,75,96,21.875,78.125
57,136,193,29.533678756476682,70.46632124352331
31,189,220,14.09090909090909,85.9090909090909
45,221,266,16.917293233082706,83.0827067669173
57,72,129,44.18604651162791,55.81395348837209
13,10,23,56.52173913043478,43.47826086956522
22,163,185,11.891891891891893,88.10810810810811
28,143,171,16.374269005847953,83.62573099415205
19,142,161,11.801242236024844,88.19875776397515
14,82,96,14.583333333333334,85.41666666666666
94,171,265,35.471698113207545,64.52830188679245
28,94,122,22.950819672131146,77.04918032786885
21,36,57,36.84210526315789,63.1578947368421
4,27,31,12.903225806451612,87.09677419354838
25,153,178,14.04494382022472,85.95505617977528
38,33,71,53.52112676056338,46.478873239436616
14,115,129,10.852713178294573,89.14728682170544
16,103,119,13.445378151260504,86.5546218487395
2,20,22,9.090909090909092,90.9090909090909
12,61,73,16.43835616438356,83.56164383561644
11,57,68,16.176470588235293,83.82352941176471
16,107,123,13.008130081300814,86.99186991869918
30,159,189,15.873015873015872,84.12698412698413
32,304,336,9.523809523809524,90.47619047619048
17,38,55,30.909090909090907,69.0909090909091
12,59,71,16.901408450704224,83.09859154929578
28,77,105,26.666666666666668,73.33333333333333
29,83,112,25.892857142857146,74.10714285714286
11,192,203,5.41871921182266,94.58128078817734
10,15,25,40.0,60.0
36,135,171,21.052631578947366,78.94736842105263
6,24,30,20.0,80.0
55,319,374,14.705882352941178,85.29411764705883
50,267,317,15.772870662460567,84.22712933753942
33,54,87,37.93103448275862,62.06896551724138
76,316,392,19.387755102040817,80.61224489795919
37,198,235,15.74468085106383,84.25531914893617
14,25,39,35.8974358974359,64.1025641025641
9,25,34,26.47058823529412,73.52941176470588
60,122,182,32.967032967032964,67.03296703296702
27,92,119,22.689075630252102,77.31092436974791
12,15,27,44.44444444444444,55.55555555555556
11,50,61,18.0327868852459,81.9672131147541
26,28,54,48.148148148148145,51.85185185185185
59,68,127,46.45669291338583,53.54330708661418
41,36,77,53.246753246753244,46.75324675324675
43,249,292,14.726027397260275,85.27397260273972
11,16,27,40.74074074074074,59.25925925925925
41,82,123,33.33333333333333,66.66666666666666
11,105,116,9.482758620689655,90.51724137931035
37,232,269,13.754646840148698,86.2453531598513
12,51,63,19.047619047619047,80.95238095238095
9,43,52,17.307692307692307,82.6923076923077
10,88,98,10.204081632653061,89.79591836734694
29,158,187,15.508021390374333,84.49197860962568
16,84,100,16.0,84.0
31,315,346,8.959537572254336,91.04046242774567
27,67,94,28.723404255319153,71.27659574468085
49,41,90,54.44444444444444,45.55555555555556
33,128,161,20.496894409937887,79.5031055900621
13,89,102,12.745098039215685,87.25490196078431
10,17,27,37.03703703703704,62.96296296296296
26,129,155,16.7741935483871,83.22580645161291
14,40,54,25.925925925925924,74.07407407407408
63,63,126,50.0,50.0
27,88,115,23.47826086956522,76.52173913043478
31,216,247,12.550607287449392,87.4493927125506
32,39,71,45.07042253521127,54.929577464788736
18,131,149,12.080536912751679,87.91946308724832
20,29,49,40.816326530612244,59.183673469387756
5,28,33,15.151515151515152,84.84848484848484
20,107,127,15.748031496062993,84.25196850393701
18,201,219,8.21917808219178,91.78082191780823
11,28,39,28.205128205128204,71.7948717948718
30,208,238,12.605042016806722,87.39495798319328
41,125,166,24.69879518072289,75.30120481927712
15,210,225,6.666666666666667,93.33333333333333
59,368,427,13.817330210772832,86.18266978922716
70,62,132,53.03030303030303,46.96969696969697
92,137,229,40.174672489082965,59.82532751091703
15,25,40,37.5,62.5
41,127,168,24.404761904761905,75.59523809523809
60,76,136,44.11764705882353,55.88235294117647
29,85,114,25.438596491228072,74.56140350877193
22,24,46,47.82608695652174,52.17391304347826
107,112,219,48.858447488584474,51.141552511415526
26,147,173,15.028901734104046,84.97109826589595
13,13,26,50.0,50.0
12,88,100,12.0,88.0
45,223,268,16.791044776119403,83.2089552238806
28,140,168,16.666666666666664,83.33333333333334
87,162,249,34.93975903614458,65.06024096385542
62,87,149,41.61073825503356,58.38926174496645
8,36,44,18.181818181818183,81.81818181818183
45,342,387,11.627906976744185,88.37209302325581
24,98,122,19.672131147540984,80.32786885245902
34,236,270,12.592592592592592,87.4074074074074
69,177,246,28.04878048780488,71.95121951219512
21,14,35,60.0,40.0
16,160,176,9.090909090909092,90.9090909090909
10,51,61,16.39344262295082,83.60655737704919
34,265,299,11.37123745819398,88.62876254180601
25,123,148,16.89189189189189,83.1081081081081
25,151,176,14.204545454545455,85.79545454545455
14,61,75,18.666666666666668,81.33333333333333
23,144,167,13.77245508982036,86.22754491017965
24,135,159,15.09433962264151,84.90566037735849
64,156,220,29.09090909090909,70.9090909090909
56,311,367,15.258855585831062,84.74114441416893
88,115,203,43.34975369458128,56.65024630541872
20,137,157,12.738853503184714,87.26114649681529
32,178,210,15.238095238095239,84.76190476190476
30,220,250,12.0,88.0
67,176,243,27.572016460905353,72.42798353909465
8,16,24,33.33333333333333,66.66666666666666
9,103,112,8.035714285714286,91.96428571428571
11,24,35,31.428571428571427,68.57142857142857
29,46,75,38.666666666666664,61.33333333333333
66,171,237,27.848101265822784,72.15189873417721
14,74,88,15.909090909090908,84.0909090909091
40,262,302,13.245033112582782,86.75496688741721
46,195,241,19.08713692946058,80.91286307053942
43,233,276,15.579710144927535,84.42028985507247
25,65,90,27.77777777777778,72.22222222222221
32,87,119,26.89075630252101,73.10924369747899
8,97,105,7.6190476190476195,92.38095238095238
26,38,64,40.625,59.375
21,213,234,8.974358974358974,91.02564102564102
47,202,249,18.87550200803213,81.12449799196787
9,29,38,23.684210526315788,76.31578947368422
66,300,366,18.0327868852459,81.9672131147541
10,68,78,12.82051282051282,87.17948717948718
18,17,35,51.42857142857142,48.57142857142857
29,153,182,15.934065934065933,84.06593406593407
79,140,219,36.07305936073059,63.926940639269404
64,98,162,39.50617283950617,60.49382716049383
11,33,44,25.0,75.0
18,92,110,16.363636363636363,83.63636363636363
13,51,64,20.3125,79.6875
95,268,363,26.170798898071624,73.82920110192838
19,196,215,8.837209302325581,91.16279069767442
37,57,94,39.361702127659576,60.63829787234043
55,210,265,20.754716981132077,79.24528301886792
10,28,38,26.31578947368421,73.68421052631578
22,34,56,39.285714285714285,60.71428571428571
12,31,43,27.906976744186046,72.09302325581395
27,193,220,12.272727272727273,87.72727272727273
53,63,116,45.689655172413794,54.310344827586206
56,71,127,44.09448818897638,55.90551181102362
9,12,21,42.857142857142854,57.14285714285714
65,278,343,18.950437317784257,81.04956268221575
26,103,129,20.155038759689923,79.84496124031007
9,102,111,8.108108108108109,91.8918918918919
21,62,83,25.301204819277107,74.69879518072288
51,208,259,19.69111969111969,80.3088803088803
17,113,130,13.076923076923078,86.92307692307692
50,76,126,39.682539682539684,60.317460317460316
30,115,145,20.689655172413794,79.3103448275862
88,206,294,29.931972789115648,70.06802721088435
49,103,152,32.23684210526316,67.76315789473685
43,255,298,14.429530201342283,85.57046979865773
26,105,131,19.84732824427481,80.1526717557252
23,84,107,21.49532710280374,78.50467289719626
19,60,79,24.050632911392405,75.9493670886076
22,37,59,37.28813559322034,62.71186440677966
31,130,161,19.25465838509317,80.74534161490683
5,59,64,7.8125,92.1875
38,166,204,18.627450980392158,81.37254901960785
45,200,245,18.367346938775512,81.63265306122449
14,153,167,8.383233532934131,91.61676646706587
59,300,359,16.434540389972145,83.56545961002786
36,155,191,18.848167539267017,81.15183246073299
19,161,180,10.555555555555555,89.44444444444444
56,124,180,31.11111111111111,68.88888888888889
69,223,292,23.63013698630137,76.36986301369863
7,48,55,12.727272727272727,87.27272727272727
66,174,240,27.500000000000004,72.5
72,458,530,13.584905660377359,86.41509433962264
13,122,135,9.62962962962963,90.37037037037037
27,89,116,23.275862068965516,76.72413793103449
9,26,35,25.71428571428571,74.28571428571429
25,314,339,7.374631268436578,92.62536873156341
12,14,26,46.15384615384615,53.84615384615385
42,376,418,10.047846889952153,89.95215311004785
52,54,106,49.056603773584904,50.943396226415096
58,115,173,33.52601156069364,66.47398843930635
11,75,86,12.790697674418606,87.20930232558139
74,242,316,23.417721518987342,76.58227848101265
20,144,164,12.195121951219512,87.8048780487805
10,209,219,4.5662100456621,95.4337899543379
8,79,87,9.195402298850574,90.80459770114942
74,159,233,31.759656652360512,68.24034334763948
41,123,164,25.0,75.0
53,335,388,13.65979381443299,86.34020618556701
2,18,20,10.0,90.0
31,190,221,14.027149321266968,85.97285067873304
28,182,210,13.333333333333334,86.66666666666667
27,350,377,7.161803713527852,92.83819628647215
50,291,341,14.66275659824047,85.33724340175954
41,177,218,18.807339449541285,81.19266055045871
25,122,147,17.006802721088434,82.99319727891157
11,67,78,14.102564102564102,85.8974358974359
12,38,50,24.0,76.0
43,263,306,14.052287581699346,85.94771241830065
12,73,85,14.117647058823529,85.88235294117646
11,24,35,31.428571428571427,68.57142857142857
9,82,91,9.89010989010989,90.10989010989012
53,345,398,13.316582914572864,86.68341708542714
8,55,63,12.698412698412698,87.3015873015873
63,185,248,25.403225806451612,74.59677419354838
60,104,164,36.58536585365854,63.41463414634146
16,67,83,19.27710843373494,80.72289156626506
20,10,30,66.66666666666666,33.33333333333333
44,141,185,23.783783783783786,76.21621621621621
3,13,16,18.75,81.25
29,194,223,13.004484304932735,86.99551569506725
32,182,214,14.953271028037381,85.04672897196261
73,76,149,48.99328859060403,51.006711409395976
57,112,169,33.72781065088758,66.27218934911244
21,90,111,18.91891891891892,81.08108108108108
9,89,98,9.183673469387756,90.81632653061224
11,55,66,16.666666666666664,83.33333333333334
55,107,162,33.95061728395062,66.0493827160494
34,77,111,30.630630630630627,69.36936936936937
3,29,32,9.375,90.625
58,194,252,23.015873015873016,76.98412698412699
37,161,198,18.68686868686869,81.31313131313132
66,81,147,44.89795918367347,55.10204081632652
47,95,142,33.098591549295776,66.90140845070422
54,46,100,54.0,46.0
48,57,105,45.714285714285715,54.285714285714285
2,31,33,6.0606060606060606,93.93939393939394
51,140,191,26.701570680628272,73.29842931937172
2,28,30,6.666666666666667,93.33333333333333
4,40,44,9.090909090909092,90.9090909090909
43,219,262,16.412213740458014,83.58778625954199
37,157,194,19.072164948453608,80.9278350515464
0,31,31,0.0,100.0
21,99,120,17.5,82.5
5,45,50,10.0,90.0
4,16,20,20.0,80.0
27,142,169,15.976331360946746,84.02366863905326
6,28,34,17.647058823529413,82.35294117647058
12,25,37,32.432432432432435,67.56756756756756
5,22,27,18.51851851851852,81.48148148148148
1,16,17,5.88235294117647,94.11764705882352
6,20,26,23.076923076923077,76.92307692307693
27,137,164,16.463414634146343,83.53658536585365
10,29,39,25.64102564102564,74.35897435897436
5,17,22,22.727272727272727,77.27272727272727
6,17,23,26.08695652173913,73.91304347826086
1,34,35,2.857142857142857,97.14285714285714
7,11,18,38.88888888888889,61.111111111111114
4,19,23,17.391304347826086,82.6086956521739
1,14,15,6.666666666666667,93.33333333333333
1,31,32,3.125,96.875
7,8,15,46.666666666666664,53.333333333333336
34,75,109,31.19266055045872,68.80733944954129
47,63,110,42.72727272727273,57.27272727272727
16,38,54,29.629629629629626,70.37037037037037
7,28,35,20.0,80.0
2,13,15,13.333333333333334,86.66666666666667
13,49,62,20.967741935483872,79.03225806451613
6,17,23,26.08695652173913,73.91304347826086
20,60,80,25.0,75.0
16,86,102,15.686274509803921,84.31372549019608
4,18,22,18.181818181818183,81.81818181818183
27,36,63,42.857142857142854,57.14285714285714
5,17,22,22.727272727272727,77.27272727272727
6,30,36,16.666666666666664,83.33333333333334
24,102,126,19.047619047619047,80.95238095238095
4,13,17,23.52941176470588,76.47058823529412
4,15,19,21.052631578947366,78.94736842105263
1,20,21,4.761904761904762,95.23809523809523
2,10,12,16.666666666666664,83.33333333333334
2,23,25,8.0,92.0
29,124,153,18.954248366013072,81.04575163398692
3,10,13,23.076923076923077,76.92307692307693
11,29,40,27.500000000000004,72.5
3,17,20,15.0,85.0
4,13,17,23.52941176470588,76.47058823529412
3,18,21,14.285714285714285,85.71428571428571
11,73,84,13.095238095238097,86.90476190476191
5,12,17,29.411764705882355,70.58823529411765
15,59,74,20.27027027027027,79.72972972972973
7,16,23,30.434782608695656,69.56521739130434
14,55,69,20.28985507246377,79.71014492753623
10,11,21,47.61904761904761,52.38095238095239
39,36,75,52.0,48.0
0,20,20,0.0,100.0
1,22,23,4.3478260869565215,95.65217391304348
5,31,36,13.88888888888889,86.11111111111111
3,5,8,37.5,62.5
6,26,32,18.75,81.25
3,30,33,9.090909090909092,90.9090909090909
2,10,12,16.666666666666664,83.33333333333334
14,59,73,19.17808219178082,80.82191780821918
2,4,6,33.33333333333333,66.66666666666666
5,16,21,23.809523809523807,76.19047619047619
10,28,38,26.31578947368421,73.68421052631578
11,41,52,21.153846153846153,78.84615384615384
7,37,44,15.909090909090908,84.0909090909091
7,9,16,43.75,56.25
18,73,91,19.78021978021978,80.21978021978022
9,16,25,36.0,64.0
5,46,51,9.803921568627452,90.19607843137256
3,17,20,15.0,85.0
66,86,152,43.42105263157895,56.57894736842105
5,13,18,27.77777777777778,72.22222222222221
2,19,21,9.523809523809524,90.47619047619048
2,15,17,11.76470588235294,88.23529411764706
6,9,15,40.0,60.0
2,14,16,12.5,87.5
5,37,42,11.904761904761903,88.09523809523809
65,67,132,49.24242424242424,50.75757575757576
0,19,19,0.0,100.0
55,66,121,45.45454545454545,54.54545454545454
5,85,90,5.555555555555555,94.44444444444444
11,9,20,55.00000000000001,45.0
6,17,23,26.08695652173913,73.91304347826086
7,33,40,17.5,82.5
29,77,106,27.358490566037734,72.64150943396226
1,13,14,7.142857142857142,92.85714285714286
7,48,55,12.727272727272727,87.27272727272727
6,25,31,19.35483870967742,80.64516129032258
1,19,20,5.0,95.0
4,13,17,23.52941176470588,76.47058823529412
48,80,128,37.5,62.5
6,15,21,28.57142857142857,71.42857142857143
29,41,70,41.42857142857143,58.57142857142858
11,32,43,25.581395348837212,74.4186046511628
120658,311304,431962,27.93254962242049,72.06745037757952
